NAME	BLCA_C	BRCA_C	CESC_C	COAD_C	KICH_C	KIRC_C	KIRP_C	LUAD_C	LUSC_C	OV_C	PRAD_C	READ_C	UCEC_C	BLCA_N	BRCA_N	CESC_N	COAD_N	KICH_N	KIRC_N	KIRP_N	LUAD_N	LUSC_N	PRAD_N	READ_N	UCEC_N
ABL1	1633.5209	2111.184	1632.3022	2454.5855	2112.45355	1890.6796	2063.8655	1937.1695	1794.544	2089.306	2731.5271	2457.12525	2428.5494	4044.3836	2622.1698	5233.0033	3379.8149	1920.1409	1853.2364	2175.8226	1819.6798	2189.7233	2857.659	3234.92185	4620.0325
ADD1	4565.0973	4788.13605	2954.7964	3729.0546	5287.55625	6393.9518	6719.2536	4386.0165	3479.6574	4308.2343	5958.4383	3625.02245	4116.0328	7132.0675	6464.2363	9256.1837	6192.8429	5952.2883	6278.55255	6563.6511	6986.9281	7258.5616	7393.1625	6215.58275	6822.93085
AKT3	216.64575	422.74325	139.91405	146.0481	854.32325	1308.6473	733.4537	291.2536	362.4365	175.6528	1351.5541	178.61055	99.7959	755.6389	1173.4919	1586.5724	270.1601	1122.1345	1402.97205	967.7455	737.4825	815.2388	1523.1094	553.71745	1299.71535
ALPK1	389.53845	481.35975	422.00845	375.1475	327.22455	484.472	473.6111	503.83	361.2451	358.1346	220.5051	365.5718	422.8332	413.8233	710.3727	315.1815	405.205	334.1783	363.01615	305.9127	555.6561	554.5778	299.24025	319.492	415.7019
AMBRA1	720.43555	990.6853	667.89455	886.9081	1414.446	804.4832	868.5832	864.2937	765.9179	987.5062	872.6277	909.57035	939.07505	852.4735	940.4707	762.0462	1098.4923	837.8378	911.84065	927.7105	897.9803	866.6667	911.34005	872.7021	954.07415
APAF1	483.42545	502.32575	491.3402	773.8675	349.40015	553.3462	462.9494	556.066	373.6635	360.0278	371.514	781.8718	389.20155	341.2073	535.029	371.0247	957.5953	383.2663	396.67035	303.8442	562.6398	583.8172	400.1631	924.7144	375.7968
ARHGAP10	516.19685	231.99885	320.7635	134.3441	58.1639	444.0057	311.8761	293.3333	253.655	131.3988	435.8025	136.62955	239.4134	1023.046	583.8446	527.2085	186.2454	274.222	307.82545	308.1194	359.4771	435.608	753.4337	576.45735	653.08065
ARSB	241.84165	348.96765	212.39355	260.1253	187.7107	1268.8391	962.0053	441.6859	350.1048	228.8591	260.791	233.4889	338.0701	418.2425	260.1592	343.1095	311.7392	490.9881	867.1493	963.01285	540.1658	553.8953	301.30055	343.01025	353.37805
ASB2	45.28385	20.82535	206.1954	43.3979	7.20735	53.7507	25.2886	47.8703	86.9205	36.4912	233.8671	47.49475	103.29905	598.3562	31.0079	893.9929	382.7038	20.0069	16.738	22.95485	60.6759	61.4525	606.5122	812.8569	574.67995
ATG16L1	541.9088	916.11675	558.81005	912.9594	335.3472	707.1179	675.7164	754.2801	639.8757	582.2427	841.7213	887.12045	568.2102	644.489	675.0502	672.7915	739.0691	522.1964	473.75025	498.82255	508.4746	538.5	859.95555	776.9714	592.9778
ATG2B	510.64485	868.544	561.77165	545.0791	1116.10315	897.4455	744.2842	680.3841	638.0885	613.7835	1041.6908	543.6253	544.2844	710.2041	1328.7369	904.6205	739.5427	937.7151	1238.63655	1070.4126	918.9332	850.2538	981.42495	628.04795	956.4667
ATG4C	154.7315	180.95505	172.9579	152.3723	107.5721	237.8874	136.3751	198.9795	165.0984	178.1136	165.4029	151.46985	109.3969	161.9113	237.5496	209.571	180.2906	210.9898	242.6117	208.2134	201.4798	205.0514	174.4126	201.9898	192.11165
ATG5	773.68635	762.0687	910.9291	998.0747	579.5963	585.4562	601.0886	742.9688	994.9975	797.9862	758.5693	1072.59085	766.57935	813.1507	831.3282	880.5281	1170.6938	762.9158	813.78775	677.45405	753.8462	723.5895	977.6581	1206.30335	979.70395
BIRC2	1106.1041	1194.1652	1044.6607	970.0666	996.3301	1456.5288	1017.3847	1154.8872	1239.6166	1375.7545	1077.4399	1015.9216	843.1496	1090.4453	1545.9789	1248.7633	1211.3501	1295.8788	1338.3848	1133.1308	1173.258	1252.8302	1136.90855	1252.0317	1021.26705
BIRC3	255.78695	310.48555	456.62995	463.9229	107.6385	1891.9431	581.5385	956.77	401.8957	196.094	283.0409	416.81235	245.97045	668.4932	361.1111	279.2079	711.964	431.866	381.2003	308.5905	809.7449	1235.9648	356.6623	618.7403	276.12645
BMF	465.54905	585.01475	434.61425	333.9687	783.58655	369.1722	325.4862	900.7796	432.4182	782.8643	522.4263	342.1612	1283.37155	314.6023	344.5428	374.9175	722.4567	601.8035	534.10655	382.42095	503.2468	518.9557	437.56685	429.5074	1043.1156
BMX	5.8223	9.94635	2.6815	8.3087	6.949	20.6474	2.2482	6.9098	7.1908	1.4728	10.1394	8.83565	14.4007	68.4084	136.5331	131.0231	122.8521	14.8734	6.58805	6.18195	70.7864	91.4363	14.94865	95.8157	50.6747
BNIP1	198.4527	199.12295	204.6791	184.9446	275.3058	186.6355	157.3103	210.517	172.6619	148.6841	233.0365	165.03525	227.77925	156.2952	164.6684	189.7527	178.744	239.1604	181.9027	183.05315	161.9676	175.5137	193.938	180.08715	159.5229
BNIP3L	1621.2435	2455.5107	1835.587	1134.103	701.1788	6003.0178	2672.8519	2723.4466	2512.2309	1848.3299	1707.9979	1037.8323	1750.4635	2597.7346	3966.0077	2856.7512	1298.523	2406.4214	3068.0823	2501.4683	3645.5297	3237.0311	2687.82735	1496.7185	2777.81615
BRCA1	491.20195	341.19385	741.4246	565.2414	38.874	136.8534	141.1446	270.4079	513.691	220.8058	104.2663	585.81735	282.95665	159.0819	200.0891	83.1683	220.0882	60.7499	78.06215	62.19515	117.3228	122.7498	103.28235	281.42525	105.9625
BTK	43.0963	149.852	63.871	49.5895	57.2898	200.2549	128.2421	247.6415	138.9642	91.8916	41.7276	39.66155	40.249	108.8247	119.8113	56.477	208.5512	21.1268	28.6867	21.42105	720.0125	783.6517	38.1062	195.61715	45.39185
C5	48.07735	134.9508	130.78505	59.4313	25.04885	76.1214	73.3276	292.5756	107.9324	41.8024	161.2294	65.20025	52.1381	417.0543	519.6644	356.5371	514.7797	492.2118	536.87135	455.23785	461.4486	454.4345	524.67165	568.6795	395.3363
CASP10	382.57495	163.1127	508.22205	647.935	143.8727	645.0339	331.5789	737.3294	412.5561	448.4234	115.0702	615.48175	221.48455	352.9412	397.0246	332.1555	1293.8238	624.0653	541.80525	462.28765	829.1524	891.401	157.05205	1007.89435	366.16875
CASP2	1192.5688	1225.86295	1546.96655	1300.7571	547.8889	815.0358	920.9415	966.3807	1332.5103	1544.3584	596.785	1370.3547	1334.7394	543.667	959.0018	519.8081	853.0955	519.1969	611.7832	512.6226	702.4365	694.5823	510.83415	683.41325	802.55185
CASP8	605.0855	559.3478	589.35195	801.147	332.83475	776.4977	648.2213	841.6793	626.2415	1078.7827	393.0841	852.62485	632.6858	420.2532	531.2276	258.6572	700.4878	414.9348	443.47925	391.8795	620.3127	699.3715	325.606	564.06525	402.70565
CAV1	1668.61015	1195.74045	1330.5241	686.6841	2909.7434	5566.5914	661.3354	1690.7268	2020.6099	669.4678	1191.8412	768.86025	531.75005	5682.071	12934.4675	13190.8127	1767.4841	1161.5813	1024.4915	769.53385	31849.0292	27215.2284	3511.4419	5184.01475	4825.5836
CD38	18.9655	22.5894	52.5701	27.5165	4.9463	39.3419	11.9003	169.6429	131.9011	47.8544	255.7529	25.9594	26.4163	11.3736	27.2681	8.9109	103.3875	11.9453	12.49545	10.61025	177.2991	184.7606	977.16835	83.178	12.6487
CDH1	10243.4127	9134.4817	8922.3045	14303.2144	10884.99465	1939.4113	1496.7338	8904.4193	8710.252	5057.1973	12267.853	14260.08055	6647.0212	60.0707	12.2755	14.1914	51.9849	6.4299	9.0729	6.2472	29.1339	37.643	26.4827	120.4289	2.8334
CFLAR	695.84445	680.7925	825.864	886.5375	640.70105	1724.24	1195.1942	1601.7882	1104.7048	751.1233	656.851	862.2602	632.67035	851.2686	1268.0504	774.2574	1047.591	1280.4542	1305.82225	1162.10525	2327.0535	2501.5974	781.8156	1124.93535	472.1541
CHMP2B	1222.36835	1111.31435	922.6377	1525.3501	1190.54555	771.6942	896.9231	1102.3691	772.92	987.8155	1223.0409	1608.49625	700.47715	1367.4912	1118.0846	1449.505	2207.2601	1073.3999	1079.3391	863.04385	1184.8386	1105.5293	1469.7098	2522.6549	1125.8695
CHMP4B	5831.17735	4017.9392	4849.0788	6094.7564	3359.8667	2859.026	3738.4163	4279.4229	3658.1522	3535.8126	3406.0852	7191.1095	3730.7807	5309.4385	2612.3851	4431.0231	6836.6778	3023.2476	2530.6432	2629.98835	3062.7306	3138.3443	3518.30025	6419.14645	3590.7752
CLEC16A	671.35555	795.18955	739.99235	754.7078	1953.0445	566.3107	1154.5109	890.9922	647.961	959.1837	624.1186	741.509	835.1888	597.6845	711.4222	450.7197	927.5312	900.3105	893.03325	983.57565	1060.3583	1090.1961	643.4838	838.0488	563.59155
CLU	4154.1818	9689.77485	2403.78785	834.9155	12992.6544	31703.6645	83302.2556	4662.9526	3448.4096	36388.3905	5870.7627	793.38405	12134.25245	32185.2388	21803.2448	45825.9082	4489.0656	20872.8714	18205.0097	17731.36115	9884.6502	11125.29	19693.07385	9464.38425	36575.47005
CTNNB1	6979.11	9276.5338	6130.9098	11018.0635	4989.8977	6844.4567	4754.5198	10452.7236	8314.7012	7080.1612	7944.5609	12085.42615	6701.311	7860.3947	12225.4522	8758.3276	8368.5416	6379.2788	7793.8035	6939.87215	9303.3051	9879.1252	9330.6521	8478.1234	8534.1191
CUL1	1582.13665	1515.481	1492.7635	1553.8719	1562.621	1304.8128	1220.3472	1404.0259	1769.8242	1469.7813	1302.1309	1695.10885	1446.7326	1673.0056	1582.1759	1671.6172	1240.1754	1136.0156	1087.1364	1030.76735	1372.8561	1427.7267	1525.40205	1409.34055	1534.30325
CUL2	787.1471	862.55445	787.6292	706.5463	509.95735	599.403	558.1213	686.445	828.8256	809.1151	602.3238	755.1158	653.71615	684.3836	772.3881	604.5936	653.6501	597.6869	641.6626	556.0965	599.8464	620.1117	708.057	711.59105	587.60565
CUL3	1267.43825	2055.7436	1436.97405	1658.184	1147.3657	1459.398	1357.9009	1613.4505	1555.7153	1729.4614	1687.9394	1894.92715	1499.2248	1677.8309	2015.3374	1424.7525	1809.1451	1836.8034	2172.9739	1817.8747	1540.4086	1582.109	1726.4837	1900.02635	1647.0143
DAB2IP	1373.00615	1057.18425	1711.4761	2042.0765	7682.3533	2072.9167	1850.6725	1147.9391	1242.7219	1683.7257	976.0377	1880.93145	1516.6183	1384.2566	2677.5039	1346.6758	1509.6188	2757.2405	7298.28525	7752.64075	3000.1026	3277.0642	575.31295	1881.16085	1721.203
DAPK2	70.1122	229.0805	238.6399	440.0342	168.84625	78.8945	31.3725	283.3881	146.877	119.814	182.3682	458.37855	187.41515	116.8659	458.5843	58.4158	724.8874	105.3259	74.0466	74.96785	1431.212	1184.375	156.54705	345.2342	86.1194
DDX5	11010.3287	11696.22285	10838.7903	8453.269	7300.53845	9649.2264	10948.0131	11320.0849	10711.77	7657.0093	11554.6123	8667.7735	9946.48845	340.3101	484.0175	387.4587	269.9198	362.0007	340.0064	308.31145	329.539	353.5414	342.2	336.80405	350.07155
DIDO1	1527.724	1911.62735	1518.6705	1975.8875	2091.86085	1677.5463	1700.1287	1594.342	1497.5414	2207.955	1761.8418	2513.12985	1352.8801	1664.4895	1942.4514	1918.8119	1750.1237	1652.6524	1559.88265	1703.34325	1642.5532	1549.1771	1805.6773	1646.9545	2032.8226
DNAJC10	1639.23415	2812.33025	1630.8268	2422.8817	957.6705	2044.2531	1754.3985	2730.374	2161.3154	2793.3055	3543.9905	2530.43015	3709.84055	1359.3952	2346.8747	1806.7169	1315.4961	1921.5416	2392.64335	1767.0366	1555.8281	1654.6809	2533.38505	1683.7656	2530.5498
DNM1L	1896.9216	1594.60815	1465.49065	1431.0093	2414.0193	1271.5079	1414.8376	1170.2249	1851.1966	1716.9608	1542.3447	1477.8536	1526.8793	1689.7959	1509.9842	1372.0848	1205.6952	1698.3389	1844.93545	1517.0569	1030.8123	1114.7274	1745.03555	1392.89655	1409.1968
DSG2	3398.56105	3272.10195	3839.8278	8274.2278	15483.3995	2832.0117	3367.6991	3452.7287	6781.0379	4272.4527	2657.4533	7458.40935	2455.2457	1439.5349	4707.3799	339.9589	11767.2714	3307.421	3814.31105	3244.90835	1603.2255	1470.7018	3107.80495	10230.2055	805.1857
DSP	6689.9911	13990.10325	23866.42135	8461.9914	7019.2513	1778.3655	3091.1901	6050.1697	21009.8917	9117.051	8237.8322	8963.6836	5979.356	3758.9041	11981.9062	221.2014	11737.616	4127.9231	6101.0824	5224.7047	1589.6679	1437.9908	8055.78725	10138.1769	950.6369
EP300	1737.7435	2492.48895	1701.4891	2115.6043	2783.46155	2322.913	1547.3684	2146.7165	2622.2548	2497.7929	2253.2452	2157.3656	1900.78785	2228.334	3055.5723	1903.3003	2580.3799	2060.7106	2563.70655	2471.20085	2537.1515	2708.1416	2460.08205	2330.8228	1878.22415
EPM2A	76.26815	130.59965	82.5452	69.1874	174.22815	151.3796	117.2781	73.6013	96.6509	96.3615	148.2059	72.0256	80.4063	196.82	241.596	309.5406	114.845	361.4967	423.0955	388.9538	185.1718	181.0415	254.5483	350.6237	278.98215
ERBB3	3051.45715	6966.17615	2650.1133	7169.614	957.00435	3974.6727	4012.4434	4529.0323	1493.8128	3001.816	5613.3791	7004.00995	2531.0642	1653.6986	3834.4402	153.3569	7422.0683	1535.4555	2222.78805	2296.29825	2925.3296	2467.8333	3243.1206	4789.71515	898.02035
EYA2	288.9277	226.67385	1685.77965	18.9461	10.27615	37.789	85.5574	76.9231	652.819	2079.1042	1034.6981	24.7663	5253.72495	130.9434	588.5775	291.5194	443.2892	122.5616	189.8141	223.88795	54.1232	85.2225	1022.7551	157.5807	1512.8058
FAM13B	461.5336	833.1288	503.6649	399.1236	782.8477	815.9685	542.0995	506.1765	430.0454	577.9349	943.5839	420.32015	558.5131	1058.5977	1432.8348	1100.3004	719.786	858.3269	969.4042	917.36675	977.757	918.97	1498.06095	1017.7524	1170.938
FANCL	473.6495	320.83785	656.90795	323.5829	120.4061	233.87	190.7211	274.8914	397.2268	298.4139	284.6108	340.9709	322.7715	246.2192	291.2566	411.7591	181.6795	176.3751	142.26445	131.6317	167.6977	166.2138	239.1987	207.33745	425.0482
FASLG	5.68405	11.7206	25.2644	9.6618	5.46495	37.1445	6.3412	19.4518	15.1707	8.1101	4.7319	8.57815	14.1271	357.5112	418.4188	546.6431	682.3576	236.251	275.5768	234.3791	702.8939	765.0643	386.33465	858.18945	463.24165
FAS	215.15835	256.6105	482.86335	308.0256	111.84635	708.8391	618.5151	440.7324	354.1667	390.4038	226.0479	248.7592	210.412	939.0459	1039.1509	858.4158	735.0078	867.8596	916.0353	819.08405	767.7966	791.8486	816.44215	900.13935	860.3578
FBXO7	1901.1477	1936.0638	2002.48165	1919.4003	4528.70245	2574.6606	2328.9624	1923.3837	2131.9403	2096.7256	1794.0679	1901.00425	1788.3941	2058.0822	2379.8786	2379.5053	2110.7784	2744.154	3043.02215	3136.9209	2734.3606	2631.0481	1985.75595	2014.82115	2305.642
FGF14	23.6143	99.31285	5.02765	11.0203	510.2958	65.8392	38.6051	120.2148	53.4169	11.925	29.0525	19.8297	12.1942	21.6606	45.3839	16.2544	6.1615	61.8889	62.17935	49.1171	24.4094	22.5453	55.85485	13.3976	24.20775
FGFR3	2794.05035	311.32015	2405.91355	481.4443	8.11855	549.7107	673.0973	402.7256	1897.705	179.9866	499.406	494.86455	200	1980.0797	76.5957	194.7195	904.6795	1608.4857	901.688	1393.38545	813.5747	735.2404	457.34415	652.10645	156.67
FNIP2	193.25145	406.90325	199.2255	562.481	2469.8433	1103.2897	885.6146	833.3658	346.0677	173.7855	692.5892	513.71035	217.75265	341.0915	917.787	289.3993	1190.7357	1312.7377	1802.7407	1666.6415	1415.9072	1488.4418	616.00575	1141.19695	290.0226
FOXO3	902.8803	1855.1358	1166.0474	1579.1837	981.27695	1730.4816	1360.6968	1103.1371	1377.4752	1690.4137	2210.5021	1955.69355	2271.5481	1457.7259	2681.2782	2736.3958	1738.8738	1284.3582	1626.81475	1378.93045	1867.5896	1913.9229	2287.37445	1659.0444	1951.89505
FUNDC1	389.43995	406.95875	414.6935	282.7443	535.5632	328.4032	276.901	324.2867	350.7627	280.3689	373.1642	307.7602	309.10415	283.6041	263.953	264.3564	198.3211	398.4132	349.04285	297.0264	189.5321	189.4042	318.09235	237.2904	316.6563
GSK3A	2045.212	1729.03735	1645.14335	1731.2022	1980.7418	1391.1893	1515.2294	1430.5001	1913.6622	2747.5575	1861.0879	1635.5628	2012.94265	1558.955	1198.0164	1557.7558	1760.3041	1556.3698	1406.348	1656.58995	1212.8483	1313.8376	1647.07505	1489.60105	1599.3474
GSK3B	1239.4319	1668.50375	1581.46855	1337.8781	1559.49465	1086.0852	1455.0243	1139.8499	1859.0893	1534.2338	1222.5239	1424.87145	999.49545	969.2052	1524.9658	742.4028	1138.4851	1035.5295	1350.4768	1155.8774	1464.2953	1375.1017	1154.744	1198.2743	885.41715
HIPK2	532.5338	1896.08505	681.92615	1285.616	6164.45925	9154.1353	3572.9707	1854.263	1262.2814	2144.4992	4130.6804	1203.93505	1666.82865	811.0236	3325.188	727.0733	1700.6432	5486.4389	8189.03745	7732.63615	2626.9947	2505.2889	2805.8221	1426.8359	1032.9624
HSP90AA1	24993.08495	27069.5966	24854.3683	24367.5509	29933.10505	11115.9418	17299.0226	20273.0784	25515.6645	17514.7324	19678.1318	25611.0465	20468.5527	20741.4268	23379.7701	13880.1919	14333.0838	17713.6316	21765.5897	18270.0349	17093.2136	17035.5963	20809.66755	14884.98595	14953.85605
HTRA2	726.12105	603.6828	613.47385	602.5178	366.2009	711.431	812.2718	605.162	666.152	831.7084	587.9071	589.8308	732.2146	572.4322	535.3075	863.3145	553.5056	664.2118	547.71615	596.21975	478.0837	507.6117	442.05095	519.87355	776.6193
IL1A	192.53425	2.12355	52.9124	18.2148	1.934	1.3011	2.3265	9.5541	79.2298	7.0778	0.4191	18.4447	4.6234	66.3265	2.6377	0.9901	3.83	0.7488	0.70065	0.62135	73.7507	65.6425	1.4518	7.28235	1.92615
IL1R1	1253.46975	1250.06965	732.83165	520.8086	366.27275	1436.9774	1201.8141	2895.0249	1832.6253	2264.5133	4893.962	531.4086	1636.5177	1836.2709	3108.3217	3189.769	1069.7156	1704.2205	1886.37885	1461.4999	4468.7427	4952.7934	6208.38985	1063.2356	2989.6481
IL2	0	0.2647	0	0	0	0.3771	0	0.4963	0	0	0	0	0	227.9412	203.9538	127.2104	445.7023	39.0487	43.5298	40.31445	451.3588	606.9213	146.31285	312.75945	249.8904
INHBA	93.244	285.53665	44.26955	153.6899	17.8029	89.7947	12.5965	177.7271	220.7695	81.1137	30.4207	190.052	35.4985	27.4964	31.0458	46.2046	3.9843	41.5639	45.4373	26.5366	319.5635	379.0554	27.14665	10.18925	41.8679
IRAK3	108.89845	150.39285	184.2949	102.8192	60.98205	350.3704	90.2072	436.9748	288.7413	104.9413	130.1717	82.4961	55.03915	353.4247	617.1031	684.4884	181.4551	168.5521	181.8105	139.4926	1113.0319	1148.5576	285.46755	194.4329	197.2775
JAK2	224.6228	399.22075	364.94955	299.2498	365.05555	447.0966	232.172	331.4358	302.1542	177.3005	233.9623	279.771	151.5867	549.8542	635.5184	457.9505	403.7925	418.105	485.3348	361.0615	624.4218	668.1034	346.6923	409.09445	474.63535
KCNQ1	259.2426	150.777	179.788	2507.2245	4563.3382	321.2947	151.896	550.0705	209.2568	267.8165	451.3621	2407.16785	429.7981	420.9913	194.354	117.1518	1469.3915	1848.8869	1440.64025	1732.11435	1076.8549	1123.8914	492.3203	1266.65395	347.4943
KIAA0141	785.1945	1053.0973	774.13435	1140.3377	1790.79295	1490.2394	1176.053	983.78	652.2528	996.4986	1498.2931	1043.0494	1095.90175	1067.2734	1367.0709	1167.3749	1417.606	1589.1162	1508.44535	1660.50555	1270.679	1353.7095	1288.8449	1186.2201	1241.19975
KITLG	275.0523	1109.68095	591.18235	544.7603	1669.39685	700.3383	1550.3493	1715.0896	1323.1681	126.135	402.9163	471.28145	188.37885	640.6643	1114.8492	1046.5347	1210.4152	1901.5584	2308.16305	1596.25295	2202.0815	2051.3699	1024.43705	1247.06705	977.48445
KPNA1	1514.8456	1847.39435	1777.9916	1294.14	1355.5581	1307.8078	1357.1337	1377.9766	2272.1063	1664.59	1459.6051	1415.06205	1162.13355	1446.6605	1606.1947	1275.265	1168.5535	1227.8971	1451.76355	1200.5601	1292.2022	1358.0503	1500.7785	1255.6096	1171.3043
KPNB1	5021.8451	5194.224	5150.25775	5228.3629	2425.03165	3858.2472	3613.0593	5063.0705	5863.3611	4117.7971	4655.8021	4940.3387	4228.68735	4225.3165	4347.0019	2563.9576	3485.2608	3050.4034	3557.4938	3220.7101	3158.0475	3336.518	3553.15155	3813.29225	3294.1263
KRT18	18332.41385	14755.8246	8389.0935	29315.1468	8496.37045	7770.637	14696.5852	14343.19	5580.0283	15066.0596	15574.8777	23314.72475	17507.19105	7405.317	5843.2898	464.6643	19339.6572	5712.4439	4781.5941	4989.8407	6503.7011	7026.9965	10340.56565	17155.2424	3366.63395
KRT8	33651.83275	20880.83475	16843.4587	55483.5686	21858.66005	8213.9725	22233.819	20480.5263	14198.2511	21444.9398	15716.0069	46534.83315	25022.0248	13289.8223	7109.8054	780.8581	87439.5231	8383.6853	6081.8586	7300.78025	8394.4427	9028.4051	11842.2045	68306.92275	2775.54235
LAMP2	2872.0177	5110.06375	4337.25485	3322.1818	7926.7995	6469.3688	5375.9382	4525.0684	5848.8264	4080.6324	6025.2725	3891.57075	3521.42335	2804.7427	5246.022	3224.6744	2903.6842	5236.1137	6544.97805	5684.0351	4851.2573	4570.3113	6348.94745	3052.87415	3488.7103
LMNB1	1350.1048	1123.4732	2652.27505	1975.2679	92.61845	325.3216	169.2308	801.6321	1328.2648	1337.3035	241.8236	1930.4752	1634.46875	312.9412	210.4932	168.1979	1251.9509	106.692	99.9883	77.14295	247.646	292.7262	130.26995	1315.1299	267.38435
MAPK8	179.8966	281.16755	225.7201	265.4623	213.26385	236.4865	174.397	229.065	268.8953	253.4191	240.152	267.79985	213.8643	189.9293	330.653	154.7703	277.6754	315.7895	349.9124	296.90735	201.7428	225.2192	280.986	296.4361	198.31725
MAPK9	763.13395	1255.14825	838.918	1026.5338	1232.6254	1148.3965	870.9677	1104.9793	731.9686	742.0061	1206.0555	1028.0728	774.12525	824.5798	1033.0882	809.8698	1149.9443	944.3466	1027.32355	899.11055	1155.5851	1122.6924	1139.4819	1236.1299	874.255
MARK2	1869.1232	1747.02305	1752.24225	1881.3392	1723.35085	896.3771	1060.7127	1661.8611	1767.766	2255.8459	2052.387	1712.2073	1570.21745	1260.3668	1292.1279	781.5182	2846.4331	983.7722	891.92605	1032.06685	1189.8254	1204.893	1588.5628	2164.42025	866.8768
MDH1	2783.2855	2436.08365	3125.8499	2613.5621	3650.8104	2451.4673	3698.2989	2110.8787	3341.2064	2151.4793	2369.4084	2524.06395	2377.37545	2855.7514	2856.5512	2109.39	3425.2795	4686.5107	4807.03065	4567.2815	1768.8252	1969.2123	2757.26965	3730.3115	2078.94925
MLH1	707.43435	806.0165	720.4539	548.4982	731.6751	505.3054	660.4882	638.0036	573.8488	549.2496	810.0233	588.60795	469.17875	799.9312	737.3461	664.311	539.2857	768.7485	678.28275	650.17325	689.4631	739.0863	796.85915	707.57975	636.29555
MRPS10	919.74875	1009.5109	1045.32655	992.7567	576.2026	674.7119	790.779	1041.6487	1142.3313	1057.9625	699.1489	1102.7396	839.0804	814.713	808.7156	700.6601	760.1785	977.1547	983.511	800.41095	631.5205	637.4253	785.96755	950.076	717.5439
MSH2	821.57005	896.5689	1163.3026	828.8288	215.39215	511.4563	381.9355	721.7497	986.8926	1089.018	500.8333	937.97585	818.18845	504.1176	722.0745	328.0528	508.7138	447.0137	479.83985	395.40425	424.1147	429.9231	467.46235	590.72775	531.36565
MSH6	1411.1789	1694.7933	2283.93155	1068.5286	392.59685	961.5649	581.0709	1291.3939	2337.9959	1770.255	970.4731	1204.2066	1060.99155	1165.0718	1328.7505	1346.2046	676.1442	705.5176	904.061	702.0048	807.1979	848.2515	1010.36615	848.4978	1770.75435
MTMR3	1266.51795	1376.1373	1221.09975	933.2359	1442.94505	1270.4115	1087.7118	1344.1926	1542.3211	977.8093	1838.2852	965.75665	1154.02005	1399.9631	2000.4407	1492.7393	1524.8187	1290.3699	1540.74775	1534.61985	1521.8918	1592.0674	1633.4291	1284.5719	1509.47795
MYLK	935.89485	1749.65155	555.9381	1344.5997	1013.65555	5039.3212	1074.2857	1775.5319	1804.5796	1693.3245	9665.0564	1625.5631	981.0508	11773.6434	11518.4327	27396.1095	8479.645	4724.5157	5905.96725	5156.95995	5203.1417	5188.9786	34467.3385	27833.6215	18740.1337
MYOM1	18.8263	27.3882	17.26815	17.3855	25.59575	91.8378	19.2394	24.2302	13.2743	31.5167	66.8459	18.3453	23.5153	343.0137	408.284	234.629	151.0031	111.4614	140.56825	134.65655	56.266	76.3146	190.60845	533.218	182.823
NBN	1338.82225	1991.9541	1071.78235	1314.5875	1212.27425	1734.3038	1227.8533	1164.5472	1274.3197	1230.3571	1173.9627	1397.83735	897.69665	1080.3887	1759.8499	953.7102	979.1956	1138.3884	1429.6778	1083.0256	1223.7136	1214.5425	1249.48175	1174.99345	1022.32725
NFKB1	1197.595	1355.64255	1622.36775	1525.6711	1113.6028	1471.3605	1242.3641	1433.1244	1308.2401	954.7948	1158.7328	1330.5406	892.0381	1629.5853	1582.6193	1579.7121	1804.5918	1123.5375	1215.77405	1123.6396	1584.0249	1839.1437	1327.38235	1738.1304	1426.60715
NTHL1	323.2249	280.96305	339.03535	636.976	122.83095	149.4993	300.611	415.5622	251.3417	434.7507	303.7322	625.0157	594.06245	252.7132	137.051	437.0117	345.7538	255.4466	143.8897	212.52965	280.7757	231.5113	251.8143	359.5286	460.63115
OCLN	208.01025	449.38885	240.5807	554.2489	377.7172	128.7458	469.3141	796.7564	170.8932	463.7731	318.8864	591.70655	377.5105	189.1473	294.7826	27.0627	773.3509	724.3289	734.37155	604.0287	1000.8569	905.3299	223.78255	584.29175	73.16195
PDCD10	797.78025	787.3642	1186.46995	811.965	748.45815	491.7127	556.9462	675.8105	1483.8065	1084.4444	563.9977	860.90225	466.4125	0.3438	0.4615	0	0	0	0	0	0	0.2697	0.3413	0.17595	0
PDK4	197.00765	491.1977	44.1064	288.7378	735.184	8116.9116	592.5299	572.7264	136.5092	364.8069	891.9964	331.91465	240.9867	5945.2297	7605.0284	3815.7642	2457.1963	8196.2645	8658.8385	4942.4194	3968.51	3196.4897	3795.2127	4071.00135	2094.70375
PERP	13259.8644	4707.3116	26135.66285	9280.1376	1447.22575	2274.4897	3753.5464	4896.8622	27612.4681	3796.3986	4216.6783	11778.6633	4876.4689	5307.8689	6582.0106	1859.7173	4109.3557	3046.84	2174.00605	1883.1333	2844.5378	2673.9528	6273.21285	4839.94955	2303.50775
PHF23	840.28145	802.6966	746.5557	678.7989	486.72	696.4142	936.3334	762.1622	738.0291	914.5972	1102.7299	607.73505	1188.85785	746.4664	661.3059	837.8092	847.0628	947.3185	827.0393	856.6141	597.3508	559.8985	953.2066	760.02575	886.3056
PIK3C3	445.91495	581.52355	486.81885	367.2151	598.65045	612.0326	465.9957	431.1616	532.8913	420.0994	513.5115	335.96155	383.03005	531.809	696.225	438.8693	492.22	608.665	674.16175	549.76805	488.0686	530.3922	580.56375	527.84025	460.0134
PIK3CA	381.13355	531.5678	479.9073	269.3837	373.14055	482.9385	274.0259	367.686	792.233	456.2447	287.3429	306.0535	232.72295	474.0525	889.7813	307.7739	299.3653	387.4859	581.1778	417.92525	480.5915	490.0104	382.17605	366.6165	325.88205
PIK3CB	676.04955	1050.6515	973.86545	1032.6042	791.10395	1387.3013	1146.6437	881.0217	1002.1082	879.4207	1150.8457	1108.58385	575.028	696.793	1100.9434	583.3922	1220.1789	1284.1942	1700.48065	1397.8279	850.998	804.2578	1099.7554	1203.2674	512.27215
PIK3CG	26.77135	75.26545	25.63175	42.1607	32.6454	173.2326	36.9212	131.4295	75.0682	60.0616	21.2373	33.60475	21.21845	48.4728	103.278	31.8021	174.8072	41.0948	72.55865	41.5711	262.226	289.5	34.3607	204.7772	28.5625
POLB	517.7099	569.96035	437.5858	303.8724	192.70865	198.138	193.7736	410.1811	504.6289	330.4852	623.7981	343.72125	360.37185	318.3673	368.0035	227.5531	167.1913	281.5356	220.02525	188.175	225.0233	225.7228	423.88485	164.776	285.9071
PPARGC1A	4.9148	18.6432	14.95955	223.6864	6873.88175	606.1972	1923.7511	58.7473	36.4703	10.0647	65.4206	198.9435	16.34105	114.6345	120.0423	56.1837	873.9543	2720.4155	3278.27925	2928.9523	291.4894	270.3979	286.2753	807.0824	75.68625
PPP2R5C	1709.6861	2082.3864	1957.12565	2295.3368	2113.94265	1608.542	1307.6195	2197.0317	2223.6748	1873.6607	1687.6194	2306.60325	1705.8001	2260.2041	2414.2591	2435.3135	2162.6214	1741.3809	1899.8041	1642.321	2479.578	2414.4996	2048.8466	2653.1287	2370.75865
PPP3CB	891.63985	1294.6058	784.6634	763.7993	698.24105	931.1197	795.3534	1013.0597	954.0993	987.6289	1279.0956	745.3955	902.08605	1586.8877	1681.5192	1989.3993	971.172	1215.9779	1259.9205	1108.83105	1133.7868	1148.5598	1707.47125	1425.4765	1665.25685
PPP3CC	254.69485	266.59205	272.5556	194.174	480.99055	419.5507	252.7731	261.9128	272.8638	127.5572	307.3225	192.9141	212.1953	453.321	375.0183	620.165	236.6378	379.0825	331.3196	315.77535	451.6446	476.6675	371.44555	301.49575	349.06515
PRKAG2	365.90845	498.83365	400.64035	500.3204	4354.8121	762.1009	470.7148	582.9341	446.2633	651.2363	979.4571	515.6074	532.3644	896.8992	690.4834	804.2904	746.8463	1330.5116	1053.98695	1041.90555	623.2732	599.3914	971.54355	839.9822	542.64905
PRKAR2A	151.7628	344.2511	152.71215	389.5667	291.83655	232.668	179.8002	283.2463	227.601	405.3213	289.5965	433.6979	181.42	301.0204	522.2437	119.4346	565.4852	378.2235	502.4646	479.75075	343.2099	356.6351	410.91105	619.82415	140.1371
PRKAR2B	109.82735	883.9371	74.1148	90.9196	59.3087	114.7931	150.4048	243.6306	146.4226	322.6866	448.8091	97.48015	84.1884	819.8263	3096.556	553.2557	443.6967	691.6063	545.512	377.8434	377.7403	354.0603	568.7913	649.2511	630.34695
PRKCQ	26.19135	22.82565	84.54435	66.0759	32.3528	128.9389	225.6422	72.694	72.4617	251.5688	18.4011	69.9546	141.2885	56.8486	38.7597	47.1556	48.4211	549.9453	487.58175	419.03035	294.2561	283.4794	33.7582	59.6284	196.10015
PSEN1	1701.46715	2056.8844	1848.43455	2030.4721	2130.6967	1645.0286	1991.5749	2038.8087	1787.0516	1616.5735	1822.4044	1977.4724	1710.8407	1461.9178	1873.5294	1430.5689	3362.8353	1838.1962	2078.28775	1859.17385	2103.537	2076.8776	1837.78785	2862.24675	1480.78065
PSMA3	1665.0947	1379.80325	1912.06255	1707.2248	1309.6976	1013.0634	993.0482	1488.5362	1697.8622	1036.1642	1155.2751	1660.3217	1655.30055	1072.9665	980.2388	1188.7789	1118.9215	993.8059	997.4049	873.5246	1102.4293	1118.2641	986.86745	1143.8918	1158.0746
PSMC4	2560.3565	1742.09825	2274.0677	1961.9429	1701.7282	1396.7496	1918.9608	1798.1791	2518.107	2386.5031	1753.0562	1880.95595	2896.3379	1535.3357	988.1423	1562.7142	1715.6421	1670.025	1552.661	1719.5405	1083.1368	1209.4403	1658.119	1611.6638	1428.82275
PSMD14	1508.851	1365.3831	1682.28495	1665.4024	717.4909	893.6885	1057.187	1445.7041	1967.2378	1115.7601	986.3777	1768.44705	1502.92235	863.5171	823.3739	658.5332	891.7489	920.0362	915.4783	831.3894	762.3839	824.4444	864.08475	1035.0575	795.8941
PSMD5	715.84325	1209.0875	982.30675	903.3816	461.9187	721.6985	537.6155	936.8044	968.8856	1179.6068	911.215	923.5524	675.11915	763.8484	1077.0465	815.1815	731.0248	749.6707	771.02315	621.2292	774.0727	763.2329	967.2414	753.52895	762.55655
PSME1	4242.14175	3573.2648	4378.398	3979.5134	4229.47815	3752.1574	3818.1554	3707.5164	2977.7174	3939.7183	3588.3041	3376.9841	3842.25415	3351.7647	2256.2146	3903.8869	3948.0449	3525.6148	3164.8274	3014.61055	3558.3567	3646.3107	3337.1965	3553.0499	3705.3537
PSME4	2132.47185	2454.77935	2069.99315	1600.5603	764.05855	987.6192	1014.7368	1786.8704	2844.212	1432.2348	1838.0952	1636.9619	1702.506	1996.1061	2039.8953	1770.297	1067.2934	936.4378	1175.037	992.72875	1229.523	1342.9923	1526.54805	1126.82545	1344.2186
RAB23	356.7053	415.33035	401.2124	386.0121	93.20565	267.0049	251.7673	346.3164	460.4381	438.7203	897.7435	487.56625	356.34795	1044.9918	392.7088	1947.7032	376.0181	302.2191	280.3857	229.79445	422.7594	407.9904	1369.54435	1177.1592	1463.9203
RB1CC1	1237.0934	1653.8616	1152.7392	1085.024	1570.8782	1219.3523	880.0931	1335.935	1630.5556	1159.824	1340.3456	1383.213	890.2927	1421.7647	1963.4306	1325.7951	938.2653	1074.5085	1363.77	1074.83015	1544.6661	1431.9593	1491.5877	1091.41295	1373.70385
RBM18	488.9971	798.0162	555.9224	592.4512	730.49785	584.2458	451.3011	547.9798	602.0693	501.9789	925.4993	640.0815	412.80295	555.814	867.6685	549.8233	557.3545	721.6495	818.85265	653.8511	579.4607	562.6861	856.54995	642.0534	548.95085
RHEB	1334.90075	1110.6292	1405.3051	1380.4241	1705.78345	984.2256	1292.2368	1614.9915	1538.1443	1655.2004	1009.6539	1598.44225	1050.3428	1390.6977	1006.6857	1642.769	778.9309	1299.7247	1095.18695	982.6595	1028.3688	1056.7087	1148.7995	967.3564	1410.56425
RIMS3	47.6661	96.69685	102.3626	91.7431	39.9818	64.2284	99.2832	151.1962	96.6915	82.1043	96.858	75.8448	40.9324	104.6512	408.6232	348.7633	323.9762	103.2347	137.59025	118.5921	246.9453	274.9814	248.2754	307.9174	213.8419
ROCK1	1032.08745	1480.79915	935.4192	926.6666	1413.1767	1518.0872	800.7663	1276.8089	1213.4021	960.9435	1232.1766	838.84715	898.3294	1549.4418	2051.3665	1174.9117	1101.3395	1221.936	1512.78855	1205.1586	1801.9884	1917.2166	1596.49655	1329.28505	1226.5785
RRAGD	209.9655	212.0218	349.15815	90.7209	4345.56745	1301.7052	1282.8054	476.6614	555.3157	325.5552	717.1925	91.4155	236.0062	381.5595	647.0797	156.1837	154.2977	2105.278	2184.5895	2164.035	765.5602	754.5752	747.49625	191.11795	156.93375
SENP1	459.08075	552.71265	601.3279	427.164	351.699	395.4262	271.3178	424.0819	622.27	628.866	307.3585	444.072	372.01595	354.519	506.8259	425.0825	300.0558	328.7078	346.61885	269.2053	344.293	362.3275	364.6281	360.3296	401.2946
SFRP4	264.37755	1525.8464	367.75595	381.5514	39.3092	167.9428	96.9657	930.8237	585.8489	619.0607	1017.5047	536.11505	694.37645	749.1703	2574.6151	11743.4629	55.6098	84.574	113.4613	105.11295	508.1664	539.0156	399.3881	102.2356	12918.13205
SH3GLB1	2506.35315	2506.1192	2323.81155	2374.5964	1468.3335	3348.1641	1911.5566	2481.3154	2224.3056	1728.5181	1669.4619	2350.21415	1612.3557	3122.7226	4092.0304	2438.5159	3288.8438	2312.921	2677.74825	2139.1429	3189.834	3275.1397	2461.22415	3545.46545	2393.52345
SIRT1	375.94025	681.0337	426.61995	495.1204	315.1428	665.7459	392.1335	573.3445	392.8981	494.2104	650.1901	531.5366	412.42415	29.3251	11.7108	7.7739	62.0592	2.4768	3.53285	3.86545	16.2539	28.0716	12.591	39.69615	10.52745
SLC1A3	292.5132	258.30285	385.9031	42.654	43.3347	381.1344	197.6206	237.9433	501.5758	970.9913	119.891	37.0574	166.6155	212.6643	596.4432	34.6535	35.1351	30.5484	46.8645	37.67285	290.5512	354.9487	244.4427	36.3458	96.23
SLC35B3	489.85875	564.78865	442.8064	643.8876	347.2428	470.5464	553.7231	530.2083	498.4436	503.3263	499.3515	708.8154	444.88685	394.6048	514.526	376.5677	1083.0189	552.1207	535.5942	504.6343	385.0394	398.6928	495.2184	982.7123	442.94985
SLCO1A2	4.1745	0.69265	0	0.4037	0	0.8632	0.6169	1.8999	84.9939	18.8655	25.2304	0.52045	5.51945	0.5252	38.3244	0	0	92.43	22.63835	11.4069	143.8272	131.3725	4.51795	0.3602	0.53255
SMAD3	2235.6246	1124.30535	2274.40335	1107.4351	2895.9815	1615.7391	1963.5182	1423.5518	2328.5624	1052.48	955.4307	1057.31055	784.3275	2600.8772	1684.0598	1735.9836	1467.1576	1650.4884	1802.44515	1722.78	1534.4624	1577.6758	1394.2489	1205.75705	1734.67715
SNW1	1427.8142	1528.90365	1675.28555	1379.434	1178.8559	1167.671	978.6316	1298.0783	1499.6192	1104.8199	1242.6055	1349.78405	1074.73415	1431.9788	1502.2163	1615.1815	1262.6316	1156.5896	1116.26395	977.2826	1257.1368	1280.7107	1246.07135	1262.4155	1701.2646
SRGN	773.74225	936.44015	878.26695	744.072	442.07275	2780.389	873.1053	2278.7978	1602.0107	1294.289	656.2382	657.40085	507.0271	2250.3094	1642.9443	1487.7888	1379.9326	2112.0168	1635.60445	1045.28175	5312.3447	5856.5377	994.68795	2014.79295	1151.6907
STAM2	616.183	936.12735	653.6088	653.0956	689.5305	888.8501	636.9821	882.3489	724.8297	770.9419	1025.0896	646.0665	548.22075	893.6324	1080.659	789.0459	954.577	1305.2777	1422.1963	1140.35315	1081.9719	991.0496	1135.63925	1062.55855	829.2063
STK11	1427.40735	943.1007	1189.07615	1303.5232	1667.6986	874.4359	1046.2711	837.3206	997.67	906.2615	1261.0767	1196.75235	1496.48055	1184.4961	742.5131	1313.7766	1336.2313	1164.7275	804.66775	1148.42965	905.0783	850.0031	1048.45855	1045.2365	1494.3355
STK24	5088.17095	2573.4419	4536.0271	4893.1341	2469.85525	2623.2493	2852.6034	2849.6732	3652.1739	4004.7239	2260.0575	5541.10595	2858.4908	4088.3567	2594.0943	2503.8869	5153.0815	3256.1936	3032.7724	2723.6946	2441.8605	2452.904	2744.4455	4656.0972	2637.57795
STK25	1871.57235	1434.7469	1864.85945	1818.7891	1420.67485	1965.7534	2222.1358	1831.5549	1901.78	2543.9479	2091.1602	1862.0941	2737.8088	1679.8088	1382.6127	2237.4558	1504.8513	1931.6661	1627.4419	2074.3805	1421.9944	1525.214	1771.6524	1379.47915	2100.641
STX12	991.31495	1213.0738	952.42745	968.7347	922.35185	1587.4962	1025.522	1321.3859	1014.2562	797.0177	1236.6689	965.37415	740.9649	1556.5371	1897.3818	1875.257	1780.6952	1796.2981	1727.04885	1400.30905	2656.1723	2505.305	1633.34425	1795.17605	1215.7149
TFEB	375.4551	276.49705	505.79325	432.6483	1159.56315	543.3843	607.6834	463.7514	334.0987	375.8013	780.5755	473.3793	377.58525	661.8738	345.0164	556.5371	647.9103	706.8342	541.4965	794.9711	587.8304	591.737	679.21775	582.0108	415.0272
TFPT	490.29445	313.54715	379.98185	264.9495	229.3904	197.5239	272.7978	267.0839	293.2551	434.7578	675.0936	276.9594	599.31905	253.0753	156.1697	289.9241	242.5985	234.0302	151.06995	199.73165	250.7867	250.4283	474.59825	216.979	343.57735
TGFB1	1734.0177	1003.38905	1438.3439	685.1078	757.5298	2748.9273	959.6937	1495.6076	1908.6933	1402.507	580.1066	587.0164	925.39925	1529.6671	545.4856	1580.8581	794.1997	1026.7576	836.04345	936.13115	2068.1278	2344.9787	702.13905	742.24125	1514.3842
TGFB2	67.62335	307.12095	152.9734	58.8843	58.9073	205.9165	75.2862	270.0491	171.1076	332.8402	502.0954	99.93805	246.2124	1777.1676	928.3524	5679.8587	719.3253	492.2028	338.77275	443.09455	728.7963	841.8071	1666.86375	1974.3375	4322.3314
TIMM50	1199.4314	733.74805	1031.8333	1141.1936	1350.2309	676.886	1014.2187	880.3828	1148.9088	1283.9346	788.5105	1121.52205	1421.74645	703.6782	539.9023	727.3927	687.0175	824.7672	643.7103	802.7482	542.0028	560.048	695.03735	700.3119	720.62965
TJP1	1664.8783	1828.58355	2098.62025	1536.2663	1923.30645	2238.5234	2040.2042	2309.6097	1860.1083	2274.9096	2855.423	1590.65785	2120.41495	2482.7397	2882.1329	4052.4752	2026.5553	2430.4169	3272.6324	2851.75265	4770.9877	4600.3817	2458.2279	2338.0205	3829.11275
TJP2	2288.2678	1467.6428	2596.3663	3161.5894	2888.56885	1702.8278	2842.8774	1678.6733	1549.8806	1790.3226	1686.7957	3221.64235	1636.8798	3218.8825	2066.087	1153.1353	2988.8073	2865.4508	2829.3238	2680.21215	3158.2992	2901.0347	1912.0961	2329.95285	1180.99425
TM9SF1	1681.06275	2061.34615	1747.9062	1393.34	2077.07205	1750.8326	2010.3009	1882.6529	1590.3267	1986.7527	2563.0363	1277.442	2204.6362	1259.0121	1491.9622	1574.7809	1640.2147	1966.3331	1996.893	2116.70335	1572.1716	1632.2545	2413.56115	1502.1422	1680.1098
TMEM59	5313.83555	5878.41005	5523.43585	5652.9239	5067.4319	6440.4514	4863.4989	6728.5193	4169.1865	6468.125	8998.5595	5784.61775	4189.4212	258.9147	333.3712	248.3893	239.3524	339.5338	333.2459	320.1086	200.7874	218.3262	306.2586	242.1711	300.7516
TNFRSF10A	101.6828	100.9604	146.87135	221.0716	27.25215	130.0216	91.0199	171.6028	141.7625	67.4624	60.2778	169.8248	95.52755	94.9535	125.399	36.9637	128.6848	79.1394	86.2038	87.44715	115.866	147.9931	60.69355	115.56775	44.30045
TNFRSF12A	1323.30955	769.3696	1524.9076	1079.9327	867.3413	1477.1564	6278.9522	1519.1239	885.4278	1384.4805	225.4324	1023.1457	792.5631	662.0186	368.2917	505.6106	145.5411	2231.7618	895.7655	1181.098	905.1205	887.7634	329.44605	202.48745	362.87355
TNFRSF1B	724.54755	640.91725	756.0227	1561.3696	501.27305	1687.1935	757.5591	1286.3696	784.3772	569.7484	404.7098	1535.8605	586.4444	998.2502	1251.1295	1350.8251	1413.1737	665.9626	584.59395	551.46195	1965.0317	2566	400.29345	1244.36985	1228.37225
TNFRSF8	14.09265	17.4281	16.1985	12.5188	5.94315	19.2072	8.9097	25.0458	27.3363	31.1964	5.8976	12.8012	18.9448	15.5039	59.2726	37.4558	14.9105	16.5121	14.82715	19.75335	48.9108	58.2192	6.4281	12.84915	52.0709
TNFSF10	1852.14535	2925.76485	5860.5844	1333.1595	483.99485	5000.3043	7389.8858	2148.7603	4228.4844	2247.7101	4071.9421	1261.14555	1330.99785	1217.1002	3856.451	1285.8122	3537.1069	2626.5144	3331.1783	3267.625	4025.0804	4405.1126	3195.3705	3228.9397	1965.27305
TP63	2578.82465	122.1116	4952.45785	3.5842	8.8485	10.5118	2.428	69.6532	9663.4745	15.4708	318.8635	3.92685	24.92	938.911	1921.8968	21.7822	7.1267	10.6933	18.3623	17.336	112.4744	184.2147	1705.3274	13.5749	12.5676
ULK2	346.8103	625.39625	385.1666	231.4911	308.2406	577.4931	613.0302	420.2236	426.3411	341.5179	644.5465	209.8348	420.5127	491.5966	807.2895	761.1307	242.0932	570.4675	614.0888	601.58455	892.2639	786.0406	702.4162	398.51385	742.6614
UNC5A	2.68265	57.53875	4.555	4.0946	14.00335	17.9547	15.3934	9.2692	6.5462	342.9538	41.2741	3.14455	24.5111	3.8356	24.3714	15.1815	2.79	1.4582	1.8778	4.34155	7.5301	9.2188	9.3731	4.0768	35.2764
USP10	1579.19255	1503.5007	1657.5719	1886.037	1917.7341	1591.9516	1604.9166	1427.6913	1791.453	1540.5495	1648.754	2069.9333	1406.70375	1601.108	1495.6971	1201.3201	1548.0326	1422.2155	1621.75825	1529.9721	1117.0337	1188.0412	1718.4629	1450.5563	1520.60795
USP13	231.69105	591.3816	316.93545	253.8525	122.66475	341.9093	222.919	577.9307	527.361	347.9335	557.7818	240.2232	395.4469	322.5761	747.9521	477.8878	171.8615	423.1815	529.4446	437.6516	807.099	736.0819	483.9958	331.967	507.1377
USP28	428.0704	487.09925	519.68625	505.8444	899.99525	424.1224	364.8558	571.5486	772.8289	1031.2393	468.7626	508.42055	527.30105	492.4747	565.317	380.198	462.8462	462.1652	489.99865	440.0149	369.6822	401.634	586.9432	447.5413	468.7172
VAMP7	966.6613	1122.98315	923.32945	964.7587	1236.35115	1024.4849	888.0562	1022.9594	1006.7453	704.1199	919.8591	1087.48505	707.99605	932.6156	1096.3083	722.6148	991.195	1333.7438	1509.3549	1205.13945	1072.8633	1055.9028	933.83125	1022.4804	999.2238
VIM	7221.48675	19209.9303	6313.44695	6171.3733	4572.555	79505.841	36683.0795	16820.5904	10842.4023	19167.0338	6992.9996	6069.3604	33985.1885	23431.1572	47901.736	54114.5545	11100.2462	10077.2744	10987.40715	10699.389	40169.0255	46005.1636	11053.37725	13931.73805	65967.0621
VPS41	952.87935	1131.15565	812.96235	1001.4911	1555.8569	1261.2328	1386.0649	1306.1521	1138.5389	954.386	1140.6559	1062.35275	759.7921	1171.4639	1258.9445	890.8127	970.6697	1413.809	1580.0199	1303.57095	1263.2979	1278.8991	1266.2143	980.11755	920.3205
VPS4B	1259.09855	1484.33	1520.8055	1237.9609	1295.32335	1217.3913	831.0924	1175.9603	1514.0899	879.3304	1074.0113	1132.2841	787.9668	1339.9417	1694.5085	1007.0671	2428.355	1103.5788	1317.22075	1119.2272	1397.4277	1289.178	1306.9342	2262.57165	1063.12125
VTA1	1077.24945	1071.4198	1146.1576	1109.1637	415.7354	789.0131	827.9731	807.1873	1285.0783	1171.389	776.4471	1226.1437	879.3135	851.6643	962.5503	774.9117	1280.1908	864.8159	966.2468	838.683	739.9076	746.1774	850.26815	1292.1298	827.92245
XIAP	1342.5474	1564.03815	1323.2207	1637.111	1891.1709	1334.214	1128.3477	1717.8465	1291.5639	1027.4262	1499.3711	1735.7427	1278.767	1261.1765	1579.1304	1267.4912	1834.6957	1648.1985	1912.9206	1645.16015	1567.484	1404.5872	1549.93945	1741.2607	1169.3149
ZCCHC17	740.64935	758.3921	863.13925	574.0596	445.7163	577.6805	573.9023	670.3378	720.608	861.1912	778.4585	586.48475	942.4196	688.1678	664.2475	814.8515	517.8951	740.7538	660.45075	588.02215	575.2688	581.5419	816.5742	602.94025	784.559
ZNF346	225.804	300.5286	270.0093	184.2825	243.27065	285.9798	243.4172	211.5758	222.5031	325.6018	297.0591	177.7291	383.1335	234.2699	291.3525	345.8746	158.8671	290.5208	247.94135	269.30805	195.0301	198.5788	300.8483	170.20955	406.32335