NAME	BLCA_C	BRCA_C	CESC_C	COAD_C	KICH_C	KIRC_C	KIRP_C	LUAD_C	LUSC_C	OV_C	PRAD_C	READ_C	UCEC_C	BLCA_N	BRCA_N	CESC_N	COAD_N	KICH_N	KIRC_N	KIRP_N	LUAD_N	LUSC_N	PRAD_N	READ_N	UCEC_N
A4GNT	0.42675	0.4143	0.5517	0	0	8.9837	8.4232	1.072	0.7381	0.4311	0	0	0	0	1.5159	0	0	5.0538	3.553	4.6317	3.7716	3.8953	0	0	0.1789
ABCB1	31.889	57.4418	33.51825	628.7466	17.14255	681.4024	2926.1975	45.2117	23.8569	19.9955	182.729	740.7214	93.1386	1.1765	2.9274	0	47.3795	0	0	0	0.5999	0.8555	0.33595	17.2069	0
ABL1	1633.5209	2111.184	1632.3022	2454.5855	2112.45355	1890.6796	2063.8655	1937.1695	1794.544	2089.306	2731.5271	2457.12525	2428.5494	4044.3836	2622.1698	5233.0033	3379.8149	1920.1409	1853.2364	2175.8226	1819.6798	2189.7233	2857.659	3234.92185	4620.0325
ACER3	266.1495	347.4803	261.38655	308.1504	248.5284	410.2544	311.5325	370.8001	444.9865	370.4274	388.7428	320.02965	312.31555	279.7784	459.9868	168.3345	552.5597	267.5745	403.19065	361.0183	628.2951	635.2792	387.517	490.7222	226.80315
ACVR1C	27.44835	18.5253	46.9217	110.1247	86.4038	6.0423	3.6276	19.2786	111.878	16.2113	10.6338	97.11335	9.26915	816.3265	1194.7393	1049.47	464.783	791.2773	979.062	901.74445	853.3898	896.1387	704.0092	547.1218	1118.6687
ACVR2A	379.57	296.0503	284.90845	273.9961	235.8841	343.9192	338.8938	277.623	321.5985	326.2716	453.1034	326.2346	255.8521	497.1056	578.1595	345.8746	408.2986	364.6085	462.39625	382.61315	319.6659	320.5759	530.9336	417.1394	421.8206
ADRA1A	0	0.9617	0	0.3976	0.78335	7.6239	1.6445	0.8313	0.3194	0.2155	25.9204	0.47745	0.87245	3.6179	29.5192	6.0315	4.4683	6.6385	9.5497	8.7377	27.6596	32.7675	119.77695	6.6698	1.49235
AGER	83.1061	26.77055	77.3986	29.3878	16.903	66.0264	74.1102	390.3378	143.75	90.1645	39.5071	28.85225	96.8362	44.1176	35.205	97.3597	21.7714	37.9622	14.0408	29.92775	44485.6928	38026.4775	30.6005	24.14935	108.85045
AIMP2	570.6237	435.7562	531.2325	828.3803	877.99985	304.8636	605.1862	517.7429	607.3881	683.8713	517.515	805.55525	519.79915	394.3616	268.2162	383.2159	716.2326	599.8642	472.0711	574.52145	256.245	264.8743	352.22005	569.307	331.08095
ALOX12	23.4843	3.00615	21.98695	2.7248	4.34665	5.6037	7.0053	4.01	42.7679	11.0414	4.6893	2.3018	11.67485	8.6832	5.5918	4.9769	4.6994	5.8891	4.1743	4.6467	6.3006	9.2811	4.3056	5.78135	8.03645
AMBRA1	720.43555	990.6853	667.89455	886.9081	1414.446	804.4832	868.5832	864.2937	765.9179	987.5062	872.6277	909.57035	939.07505	852.4735	940.4707	762.0462	1098.4923	837.8378	911.84065	927.7105	897.9803	866.6667	911.34005	872.7021	954.07415
AMELX	0	0	0	1.556	0	0	0	0	0	0	0	2.9118	0	0	0	0	0	0	0	0	0	0	0.33505	0	0
APC2	7.47225	6.5221	13.0475	9.6413	13.55755	5.4476	6.4018	7.759	9.9275	13.2489	12.7362	7.4226	13.79765	7.0901	4.2506	2.8375	25.1202	4.198	2.5019	3.6256	4.7599	5.0507	7.92645	24.1345	6.31265
APOA1	1.87685	1.8893	2.13215	1.5699	0.6224	1.4409	1.4787	2.1377	1.9931	848.7032	1.2136	2.09645	9.0953	2.1918	0.8487	9.1873	2.2676	3.9481	6.0365	14.19935	20.2137	16.0615	2.66665	2.19255	21.53505
APOH	0	0	0	2.8337	0	4.3373	3.4086	33.264	0.5666	0	0	2.8785	0	0	0	0	7.5727	15.5282	107.4245	170.44985	126.9776	143.5	0	14.7009	0
ARG1	0.5092	0	0.42395	0.3946	0	0.6504	0	0.4391	0.8152	0.4619	0.7955	0.4585	0	0.5252	0.6254	1.3201	1.0578	0.4128	0.36335	0.3262	1.8674	2.5	0.88385	1.45695	0.49345
ARHGEF1	2349.48925	1301.6949	2378.57375	2193.6569	875.1072	1550.1297	1488.3089	2274.6411	1974.3833	1327.5832	1359.5829	2075.62365	1772.4049	1720.4944	745.4128	1005.6537	3056.8951	1692.3077	1529.0381	1862.9184	1667.7165	1578.4264	1197.55685	2490.14285	1106.1954
ASCC3	933.45535	1118.7308	1114.1395	1132.9708	552.4406	903.0714	782.1092	1044.0545	1194.1388	682.6577	842.7951	1220.7978	758.82335	1003.5615	1072.2892	553.804	761.1379	483.2536	735.17975	513.39465	731.9508	857.0495	1015.0368	750.7496	597.8931
ASPM	557.5293	499.53505	1177.8586	581.3559	22.9971	98.7654	21.2792	345.6335	750.1157	456.6647	36.2955	632.04735	364.66375	59.4752	31.1107	9.901	198.5984	6.5382	9.75645	6.60785	28.4291	27.1033	13.825	184.0504	15.31535
ATF2	233.52285	486.6371	281.4493	350.5061	310.46165	575.725	364.7111	456.1404	454.1532	589.1182	395.8888	352.3951	314.4956	353.9359	631.3537	294.3463	389.7127	635.8971	672.7342	537.52645	387.055	428.7031	565.95205	360.986	372.2898
AXIN2	102.09415	203.3388	67.4752	3362.7563	37.5489	53.5372	171.3831	331.7092	187.701	679.7037	528.0127	3851.41445	499.14475	323.2877	358.4379	1695.053	738.1487	141.8222	141.2229	133.6777	791.1122	713.1757	698.03385	743.10265	1210.43615
B4GALT1	4876.23995	5686.4456	5802.96915	3185.9311	3318.4127	3707.6233	5070.1198	6241.6798	5031.0345	4977.2824	3102.0115	3167.7745	9394.5703	3970.5426	4106.4771	2414.1914	4809.591	5163.799	5071.73365	4852.645	4518.9076	4981.0412	4176.2296	3596.28465	3295.64165
BAMBI	533.77895	1120.2353	149.83815	244.8228	289.32775	376.6068	1692.0738	228.7302	262.94	65.1313	349.3724	290.8314	453.70465	973.6308	677.3414	745.8746	123.2571	582.5653	608.5019	559.41435	243.2203	264.1267	284.017	217.52415	566.32575
BCAT1	420.2852	339.35115	158.2902	142.2482	546.4271	406.901	121.904	1122.467	811.192	2005.4512	63.5714	158.4721	2109.027	366.6414	271.4571	701.0601	177.6348	122.4187	174.7712	121.25195	1383.9721	1271.6147	66.4186	286.92015	1079.34925
BCHE	9.34215	11.1038	3.4206	5.4355	3.6882	11.2821	330.3571	29.671	71.3132	12.3555	45.2319	7.02635	3.5486	247.9304	86.8673	478.1357	151.1137	37.6607	71.4515	88.6371	263.3053	234.5828	147.40575	478.4921	669.2151
BHLHE41	1166.80955	686.483	205.98825	318.2587	152.0264	2938.5088	1277.0635	369.3564	352.0578	5704.0117	432.415	334.79605	420.08405	1008.7464	2205.9707	423.3216	735.7169	376.6005	328.7018	247.7269	854.0707	807.8176	534.1407	1158.55255	930.34945
BIRC5	690.428	319.39195	824.1008	557.1159	17.5274	53.6637	35.4459	284.367	857.1459	649.0133	47.8656	533.38315	500.2539	39.9026	19.3509	6.1452	214.282	5.694	6.78755	5.4932	19.3672	19.8464	11.49635	257.94465	20.94345
BIRC6	1493.6439	2321.44205	1524.8686	2011.1528	1448.69915	1904.7398	1518.7438	1849.9817	1989.2067	1559.8515	1855.9284	1995.3139	1424.93305	1897.2155	2948.7522	1431.8021	2223.0608	1808.8954	2445.57205	2127.5358	1676.0648	1794.7657	2201.89455	2398.92485	1367.86875
BLZF1	456.83195	746.458	560.7014	406.3248	321.97025	557.9515	380.5093	562.0623	528.7713	467.0894	407.8369	434.00165	293.72245	632.07	608.1594	330.0353	435.7895	507.6412	551.8045	453.6798	429.5213	436.2416	517.4615	450.5913	400.51905
BMP2	243.97595	23.0899	296.7674	275.5365	167.9882	427.0712	258.7776	345.8119	234.7545	19.9663	56.1965	277.4124	55.86875	747.2407	173.7968	177.7385	1244.0008	244.0291	232.8224	273.68885	1443.0747	1505.327	111.0263	1188.30665	203.3409
BMP5	3.05705	1.4154	0	10.6572	0.4525	1.86	0	99.9544	17.5171	0	1.8741	14.93525	0	51.2204	41.1061	0	130.2885	8.4652	27.35685	13.7088	252.8682	293.6951	57.12045	108.4097	0
BMP7	150.5679	80.34995	879.9325	473.8938	5.0064	1.7264	44.3125	40.8479	1658.6169	1376.9339	202.7534	689.8295	242.5515	1002.4313	143.0754	39.934	84.4185	320.5742	348.84375	395.98655	74.2297	97.5348	477.57695	151.19195	185.4938
BMPR1A	392.5817	576.1749	390.8451	461.8228	264.192	450.4801	404.2155	450.8009	464.6131	705.9263	748.2571	521.89015	696.2439	547.7941	907.8574	763.3663	569.392	537.2031	608.31005	495.982	633.364	594.5723	1093.1108	846.05475	862.7934
BST1	89.08085	74.193	21.29405	58.0605	13.93195	166.1283	117.6128	89.7781	62.9956	150.0402	23.2758	60.74595	24.0969	233.7192	174.4347	177.5578	162.5249	102.6498	163.6177	197.52385	245.7165	283.7282	34.61175	171.0937	164.84925
C13orf15	243.23535	308.3394	282.6477	181.8594	560.4149	1690.924	122.9472	745.5447	438.8489	487.6004	303.2844	271.76095	242.3816	687.4003	977.8761	1233.7217	140.1705	834.3364	478.82595	317.049	5945.7014	6062	421.76985	203.7046	433.88905
CALCRL	185.1531	511.76045	131.672	197.4334	381.54335	2277.0492	243.0035	522.0183	492.3522	191.5789	273.5376	253.85155	184.70975	0.4638	15.6348	1.0966	1.57	47.6073	52.6738	38.63665	4.8701	4.188	1.078	1.8407	0.745
CAV1	1668.61015	1195.74045	1330.5241	686.6841	2909.7434	5566.5914	661.3354	1690.7268	2020.6099	669.4678	1191.8412	768.86025	531.75005	5682.071	12934.4675	13190.8127	1767.4841	1161.5813	1024.4915	769.53385	31849.0292	27215.2284	3511.4419	5184.01475	4825.5836
CAV2	1091.21865	469.78325	1339.9315	296.9231	3683.98405	3461.6977	1853.0292	1379.9232	2075.7576	468.3544	381.8603	311.81695	234.10375	2084.9089	3610.9898	2401.645	379.4896	860.2967	785.90695	649.0601	8987.1383	7531.7599	1077.51725	692.26485	1125.2987
CCAR1	1449.4873	1610.566	1457.567	1485.3964	768.06015	962.5944	941.5635	1253.3333	1315.5017	975.2066	1172.296	1575.67145	1271.2496	1066.5702	1166.2722	829.682	911.8477	950.1144	1045.3926	905.5676	826.2417	823.6111	1097.64575	908.8564	969.043
CCL8	21.40355	43.11045	23.3716	15.0721	19.0154	41.6305	5.2767	48.7665	41.6329	72.4878	4.5033	12.235	15.5386	64.6575	99.6492	8.5809	176.5996	39.1917	41.16945	34.55175	42.5532	57.3163	4.13575	62.61905	14.2225
CCND1	4269.9049	7898.4581	1043.3191	4867.064	4397.92805	17139.1928	2533.2567	5574.0929	3563.3862	3262.9851	4709.9543	5088.0704	3752.71675	3151.7715	4745.554	1080.6964	1595.9405	3352.8182	3666.6139	3495.2871	6576.6628	6257.2774	5538.0564	1966.4978	1493.61225
CCND3	1461.00165	1201.32205	1318.7372	1205.5287	463.2392	1470.8543	1307.8721	2217.9298	1206.1538	1886.3863	1010.716	1204.8367	999.32845	1428.3647	1612.2735	1735.9736	1712.7237	1286.288	1036.9578	1126.62255	3972.8814	3919.2968	1284.8823	1575.44915	1241.9452
CD160	7.5529	11.4332	11.8729	5.7348	9.7929	24.1868	13.4262	11.9403	7.4291	11.2835	7.4924	5.64175	14.25395	16.7845	20.2122	23.5778	41.3331	5.7501	6.0194	6.7291	26.181	27.7261	10.6711	20.33585	16.8416
CD33	21.088	58.447	24.6113	21.3737	19.3578	121.9897	73.5673	101.2236	56.2842	56.4516	19.9726	19.1582	30.13355	46.3	75.0529	23.0295	72.2071	18.6271	26.0305	20.33055	301.357	333.3537	24.1041	54.87075	25.0285
CD38	18.9655	22.5894	52.5701	27.5165	4.9463	39.3419	11.9003	169.6429	131.9011	47.8544	255.7529	25.9594	26.4163	11.3736	27.2681	8.9109	103.3875	11.9453	12.49545	10.61025	177.2991	184.7606	977.16835	83.178	12.6487
CD46	5332.66525	6886.75465	4958.6871	9058.0672	7435.50015	5457.9215	4411.7647	9522.0035	5168.3787	3414.474	7050.5534	10341.0447	3301.8027	4081.6327	5877.4136	2493.9929	4731.0916	8781.857	8122.30115	6652.8497	6565.1781	6355.1987	8556.8109	4844.58615	3297.42485
CD81	8968.9545	9778.34195	6045.8772	7882.6993	11841.02465	14508.7651	12972.075	10705.8051	8694.7391	15233.28	13527.4871	8199.90255	17010.0148	19410.7774	13312.5198	34076.4907	5989.6285	12514.1823	11191.82085	12968.56355	18876.5576	19602.298	17707.7391	9228.7294	27953.40185
CD86	122.73725	221.277	147.98005	106.0662	68.32975	331.1662	175.3882	356.2531	263.7584	218.0958	60.472	96.1625	85.2238	151.9422	135.0142	65.3465	183.0042	41.7385	54.0756	37.9298	695.0836	750.1083	58.50775	229.2563	55.4874
CD9	10262.3475	7816.1598	11554.7155	11325.7485	21276.1424	3985.7967	3431.5642	6483.4378	19168.5982	12400.8767	11390.4052	11304.8737	6098.16505	1221.9902	1626.6603	3025.4125	798.6568	1468.9746	1705.9636	1766.58535	1781.5126	1875	1343.0444	989.10465	2257.21545
CDC14A	131.333	133.6838	102.1063	117.0771	396.2539	202.4387	111.5998	136.4653	151.2071	224.5064	424.3036	122.14955	186.3702	172.2175	385.5944	180.8581	468.3456	302.5396	367.2441	355.43785	329.1969	340.957	422.40935	417.4859	272.02735
CDC25B	1277.575	971.1103	3052.62035	2983.4025	486.15185	772.9715	743.5587	1955.4226	2413.1669	1579.3235	325.1418	2932.89095	1287.56575	903.207	574.9837	1217.3145	709.5808	650.9102	476.91055	521.4717	1443.9112	1469.0806	337.61375	585.02755	900.54925
CDC27	1232.55295	1444.5274	1136.75105	1139.2682	715.3991	1361.6289	966.6721	1256.205	1528.8641	926.7974	911.5049	1144.10325	883.57825	1118.9504	1564.4289	1351.2367	840.9756	980.4372	1237.5384	913.87795	1155.9322	1260.9554	1051.97285	934.37315	1237.9308
CDC7	264.7409	194.8315	646.3518	196.1853	37.91245	90.1136	91.2815	167.3922	288.4828	239.4552	42.4979	180.50175	171.2646	74.0948	66.0573	44.1696	89.7561	57.0308	48.5527	35.46485	67.5068	75.6601	43.79205	95.3301	51.3097
CDK13	987.6254	1144.22965	950.8245	1018.1818	1160.945	991.8685	977.1279	1009.4515	1103.6376	1202.692	829.0336	1128.79425	891.0288	913.9726	1139.1929	752.1452	973.5123	775.6252	908.3603	856.7346	926.5794	908.3483	805.70615	882.9311	979.87185
CDK5RAP3	2843.5109	1928.2526	2843.83695	1986.8835	1067.38915	1661.7116	3459.7642	2213.4009	1867.9354	1451.6628	2859.2479	1808.44805	2364.60635	1965.7881	1679.9161	1889.3993	1171.0226	1508.3296	1131.98575	1401.6357	1158.9792	1256.521	1812.59725	1093.24085	2166.3511
CDK6	425.30945	424.1376	636.68615	1263.8914	602.365	969.0076	996.0492	487.9707	1490.1297	482.6878	690.0826	1510.7201	292.8286	700.47	928.4705	384.0989	874.4656	1000	1290.22815	979.38455	795.8777	753.3356	677.117	1066.1246	569.4548
CDKN1B	1172.85625	1884.93775	1319.20635	1751.2478	848.89115	1538.8163	866.9433	1385.5788	1242.3488	1257.6204	1410.3953	1779.1358	665.3561	1107.2534	1764.4526	1815.5116	1563.8285	1345.06	1246.51895	1116.3143	1628.7651	1449.2386	1555.75345	1872.36695	2189.33925
CDKN2C	323.427	303.24075	1335.4719	219.2029	118.74975	525.2259	233.9708	251.7321	275.7726	433.6186	197.8627	184.79755	174.4275	268.6979	626.4274	412.3372	302.5346	175.1549	173.5216	169.213	171.3336	202.1407	202.23625	324.38275	491.99375
CDKN3	227.716	152.48195	432.54745	346.4177	25.77245	33.4428	19.1693	124.9042	280.5009	268.3222	24.7085	338.4298	192.3512	35.2941	18.7835	22.2615	134.8818	6.8915	7.65265	5.2526	12.8144	18.6074	7.68535	170.70105	20.6095
CDON	58.45975	478.8288	114.4823	89.0295	143.63825	632.6791	113.1469	179.7887	209.6649	560.8466	239.2027	111.669	145.6019	320	948.8865	1304.2403	131.496	107.8892	123.55165	120.02005	440.4181	456.3722	223.83325	525.8926	879.26875
CDV3	3023.02015	3900.6258	3758.80345	3797.3799	3998.46995	2882.0603	2719.3374	3398.9726	4418	3153.7604	2105.9273	4082.79345	2251.06335	3767.7279	4606.5065	3514.8515	3322.4342	2982.0059	3220.21025	3038.2835	4322.2322	4323.1401	1953.1561	3581.1773	2774.3253
CENPF	1738.92055	1923.7074	2801.49005	1609.8984	96.3194	217.591	109.8371	902.4896	1968.2479	1421.9695	156.8472	1665.4863	1786.6869	125.6314	211.9944	75.6184	506.499	30.6492	45.5645	31.07085	85.7366	92.7849	42.3496	497.8251	110.6642
CGRRF1	138.67815	204.9494	135.70975	125.5539	276.4563	218.2241	191.5734	186.0618	144.0824	195.2807	262.5963	114.35635	141.129	250	274.393	422.207	233.3333	315.14	322.87485	269.70905	237.0079	237.9214	301.76465	278.79375	307.05425
CHD5	1.57545	2.4	1.8809	4.2056	55.29615	1.6006	3.5497	1.7225	1.8416	1.9579	23.0164	4.0669	3.07315	14.0525	3.4423	4.6205	13.4195	28.7081	25.64555	40.3749	5.4299	6.2136	66.36125	15.6023	8.3677
CLK1	1274.0135	1327.8922	1611.2042	962.9945	797.24255	1785.1977	1587.5	1281.672	1037.0625	955.0482	1933.4422	1120.8123	1048.2837	1862.5498	2392.767	1545.8746	762.1113	1286.6483	914.79475	899.38995	1236.7237	1493.3687	1644.67875	804.6898	2330.7479
CLU	4154.1818	9689.77485	2403.78785	834.9155	12992.6544	31703.6645	83302.2556	4662.9526	3448.4096	36388.3905	5870.7627	793.38405	12134.25245	32185.2388	21803.2448	45825.9082	4489.0656	20872.8714	18205.0097	17731.36115	9884.6502	11125.29	19693.07385	9464.38425	36575.47005
CNOT6	992.02575	1335.146	1220.954	938.2934	562.19335	876.2118	725.2087	1038.7956	863.7593	850.8144	1179.016	999.65815	1154.6572	863.9706	964.4238	638.2838	863.124	735.0982	994.32855	782.2458	974.3006	949.1456	951.10845	906.9324	836.92875
COL4A3BP	688.02865	934.679	788.91095	730.3264	1818.047	1339.4207	1089.0656	932.4631	665.6977	574.08	1270.8112	753.4099	830.41075	1417.3228	1670.9902	1158.6572	1051.8684	1014.4355	1379.72715	1154.2059	1544.2217	1441.3256	1450.4061	1037.83415	1127.97735
CR2	2.8707	4.07	4.3136	18.3752	7.91135	1.5756	1.8382	99.9237	28.0091	10.5899	1.7222	11.55515	15.95755	12.6027	10.7898	2.1201	238.895	10.0381	99.64595	109.03115	7.7089	14.2361	2.3359	189.6411	8.02275
CREBBP	1645.14055	2731.0825	2070.0009	2091.0335	2493.0894	2216.5919	1888.7352	2353.7513	2325.477	3425.1302	2228.7695	2133.71645	2212.0783	2289.9118	3054.3332	2641.5842	2355.9187	1690.0994	1939.92785	2127.1258	2538.5156	2648.9297	2421.2454	2185.18185	3062.4535
CRTAM	7.3607	16.93185	16.06165	6.237	4.1394	40.468	9.2998	28.5881	19.4426	10.7713	7.1294	4.45935	8.13435	16.8443	12.5668	11.5512	14.4899	3.6755	3.25785	3.39365	78.0142	93	7.4908	15.78515	11.48025
CSE1L	3063.7318	2972.5135	3501.32065	3369.1589	1405.2598	1558.077	1230.8707	1771.2501	3503.5539	3668.2652	1810.9326	4610.05275	2349.0191	1854.2856	1960.4783	1545.2145	1315.168	1624.83	1937.96355	1587.03505	1188.6792	1251.4147	1733.8504	1581.98385	1752.7588
CSNK2A1	1446.02575	1435.0287	1260.53415	1509.617	1825.98655	1243.8529	1347.8571	1162.48	1901.7632	2232.4356	1147.626	1833.0342	1228.66295	1100	1198.6871	894.6996	1283.1822	1130.3275	1325.0025	1150.97265	832.3211	891.7415	1157.3898	1199.94945	968.5433
CTNNA1	7335.6996	9482.25645	8830.5745	9170	7508.68225	10587.2384	11439.9815	9748.909	6837.1618	7528.3353	7610.8949	8754.19085	10266.8589	8735.1664	9123.1647	7846.4702	11626.4897	10346.9744	11025.98895	10513.541	10676.295	11027.3691	7823.7762	10507.5642	7448.0747
CTNNB1	6979.11	9276.5338	6130.9098	11018.0635	4989.8977	6844.4567	4754.5198	10452.7236	8314.7012	7080.1612	7944.5609	12085.42615	6701.311	7860.3947	12225.4522	8758.3276	8368.5416	6379.2788	7793.8035	6939.87215	9303.3051	9879.1252	9330.6521	8478.1234	8534.1191
CTSH	6873.6554	2090.16175	3093.7888	2272.6914	3055.7571	2593.731	4572.2618	6657.4859	3082.0291	1365.9563	2917.1293	2173.0628	3089.269	6122.7397	1615.566	1975.2475	1225.9538	6256.9234	6607.88835	7843.4941	18539.048	19366.9126	3737.9094	1499.3877	3060.43225
CUL1	1582.13665	1515.481	1492.7635	1553.8719	1562.621	1304.8128	1220.3472	1404.0259	1769.8242	1469.7813	1302.1309	1695.10885	1446.7326	1673.0056	1582.1759	1671.6172	1240.1754	1136.0156	1087.1364	1030.76735	1372.8561	1427.7267	1525.40205	1409.34055	1534.30325
CUL2	787.1471	862.55445	787.6292	706.5463	509.95735	599.403	558.1213	686.445	828.8256	809.1151	602.3238	755.1158	653.71615	684.3836	772.3881	604.5936	653.6501	597.6869	641.6626	556.0965	599.8464	620.1117	708.057	711.59105	587.60565
CUL3	1267.43825	2055.7436	1436.97405	1658.184	1147.3657	1459.398	1357.9009	1613.4505	1555.7153	1729.4614	1687.9394	1894.92715	1499.2248	1677.8309	2015.3374	1424.7525	1809.1451	1836.8034	2172.9739	1817.8747	1540.4086	1582.109	1726.4837	1900.02635	1647.0143
DAB2	798.3434	1400.82525	354.4822	1403.9679	1384.61395	9638.2051	5988.3495	1263.7076	946.4599	850.491	747.2178	1550.66355	441.78415	2048.9939	2523.3959	2685.159	3872.8352	2513.2563	2283.33725	2675.818	2549.2859	2414.3791	1826.6921	3137.0098	2143.8257
DAB2IP	1373.00615	1057.18425	1711.4761	2042.0765	7682.3533	2072.9167	1850.6725	1147.9391	1242.7219	1683.7257	976.0377	1880.93145	1516.6183	1384.2566	2677.5039	1346.6758	1509.6188	2757.2405	7298.28525	7752.64075	3000.1026	3277.0642	575.31295	1881.16085	1721.203
DAZAP1	2915.18855	1572.66445	2787.10995	2407.1567	1621.6759	1215.6533	1603.484	1666.3525	2009.1356	1628.9694	1620.2153	2304.31575	2183.58395	1746.3395	1044.7385	1486.7987	1793.0693	1089.0133	846.97305	1023.65005	1352.8448	1300.5478	1164.84425	1885.55935	1405.9924
DCT	0	0.3252	0	0	0.8377	3.5913	1.2547	0.3546	0.4427	0.5836	0.8453	0	0	1.5504	9.3699	1.4134	0.4751	3.8075	3.1762	2.7965	1.0373	1.4886	2.2287	1.5256	2.92285
DDR2	31.83605	174.82495	16.58755	74.293	32.61905	148.3011	8.08	101.2101	82.367	152.7813	116.1366	91.11275	47.1193	421.5737	857.1211	316.2544	235.2025	113.5463	179.45	125.33755	264.7392	330.4113	329.4574	663.3478	281.3656
DDX20	375.4278	493.0603	484.0269	390.7667	199.0142	377.8878	289.354	345.845	375.7641	529.805	322.1863	412.94425	389.58245	360.8124	495.3724	369.3069	313.3541	312.4923	350.832	315.0347	384.482	372.014	339.5084	301.20855	478.0531
DERL2	626.65545	571.40875	660.81105	407.5252	476.46525	618.086	690.8905	585.0068	544.905	492.6922	826.166	384.32125	736.5529	461.7225	542.9448	586.2191	493.0321	598.8024	582.66	529.41155	430.4965	460.9767	829.53015	496.7154	571.645
DHCR24	5376.50475	14273.68685	11477.0145	5571.6827	2331.9262	2185.0788	3286.9528	12630.622	11248.5405	14299.7588	21048.8323	5317.52865	4216.58885	1473.5918	7785.3117	1124.7525	6033.1579	3304.3325	3340.0248	3423.0555	26118.4734	26506.0024	15340.9746	4241.78225	1070.6066
DICER1	1365.0858	1670.612	1522.53625	1038.0512	1329.36585	1272.4777	905.083	1227.6411	1510.9677	1001.8268	1506.1964	1047.1873	1117.6285	1731.1791	2335.889	1269.967	1194.4257	1579.8272	2012.013	1657.37815	1598.9839	1456.3308	1358.6576	1506.37545	1281.3353
DLEC1	7.3078	6.8536	4.5731	8.3724	1.6665	4.6474	17.5285	29.7691	14.3598	23.6483	12.1743	8.04905	59.30245	5.8824	27.5934	6.6007	16.9252	11.3906	6.53185	7.7682	121.1864	133.7752	20.9797	14.84675	41.8273
DLG1	1335.00355	1390.7877	1907.16925	1345.3518	1564.9195	1245.6724	1665.7534	1024.0423	2452.4989	1486.126	1151.6186	1459.41025	1113.7633	1346.8493	1649.0732	973.1449	1665.2053	1400.1841	1768.41945	1430.9606	1216.8262	1173.9806	1292.1232	1675.0762	1122.08935
DLX5	68.90175	12.74625	73.9382	2.7082	6.94365	41.561	2.7855	7.8899	231.572	19.6429	42.9004	3.2938	2550.8185	27.4662	6.8218	70.6714	1.1935	4.3468	3.29515	2.92325	1.8789	3.4722	30.71465	2.64765	676.9916
DNAJA2	1705.64175	1468.90875	1497.22695	1666.9279	2924.644	1808.7731	1758.4187	1535.153	1651.5684	1334.7076	1712.4067	1776.44115	1485.5281	1967.6865	1780.6349	1840.636	1755.6746	1843.0833	1965.77695	1684.94095	1491.4027	1459.9733	1772.4322	1820.491	1904.35635
DNAJA3	1165.27455	1443.5123	1391.2016	1925.1608	2452.4962	1109.4668	1739.6245	1223.0224	1345.5502	1267.1415	1266.1309	1929.4175	1123.15545	944.9983	887.819	930.363	1325.2818	1557.2385	1388.27015	1579.95355	708.7108	719.2522	1131.08465	1244.07295	944.7045
DOCK7	697.9934	896.94285	532.5419	726.1254	406.8243	728.536	454.5064	600.8915	743.0959	686.5134	897.3782	738.0398	564.88	919.7861	1393.3709	711.6608	756.217	641.3984	860.36625	728.8872	541.6204	591.6065	895.21955	874.86635	736.2603
DOCK8	506.68215	700.14035	339.61095	298.541	2582.906	2086.9825	1143.938	868.6493	419.3979	323.8063	407.9891	209.65655	264.03745	874.7209	1200.9519	156.2714	593.8404	638.0062	902.7597	841.90795	2115.1419	2420.2577	484.3597	608.2225	214.1757
DUSP22	583.8907	609.99425	798.1709	583.4298	475.02685	773.6049	736.7138	924.2424	701.4085	609.4282	740.4255	633.95705	614.8514	1054.8105	1084.3829	1175.9717	693.5272	709.8383	688.72875	666.87325	1195.5261	1244.0657	759.88115	871.34135	948.78375
ECD	573.782	738.6738	508.7895	509.608	353.37105	548.0292	448.6856	564.0723	549.3614	764.2835	590.8781	526.52235	565.9347	660.6414	673.236	518.3746	424.3243	637.6462	630.51355	546.41565	461.8506	494.4444	597.72575	473.12105	506.68745
EDN1	125.00825	145.1755	152.6671	334.3348	38.35965	1281.3542	133.405	385.8505	290.6178	156.8734	107.7844	446.0049	128.7927	156.6986	536.1294	368.3168	373.9352	381.3322	373.58685	215.67095	1637.0482	1583.5025	190.7996	320.11425	331.85325
EDN3	0	2.9269	0.1104	69.1709	0	0.3873	1.0234	0.4689	0	5.9916	19.9098	102.29715	61.50635	0.7915	218.4841	19.4346	1338.1737	8.0376	2.8116	4.0403	19.5243	9.7775	108.6103	1047.26475	59.3181
EFEMP1	410.16995	1338.13045	800.3027	442.9348	536.59685	1573.4807	274.7368	1900.5953	1396.8467	498.3934	835.4793	500.91385	188.11545	3058.1412	7246.5927	3468.9769	1570.9899	2201.0129	2405.59255	2159.07055	7213.1733	7345.482	2204.77905	2079.3231	3395.6328
EGR1	2595.21445	2591.39285	3036.295	2902.6757	1616.1639	5546.9484	2548.3188	3206.4422	3365.0108	4213.0001	6008.867	2722.462	2525.30965	27718.46	27269.9837	20029.061	3381.873	10865.2878	12040.93635	12481.06975	10519.2956	12772.424	7572.63395	5216.52795	13827.22575
EIF2AK1	4372.24365	5126.50905	3577.64125	4981.0141	4837.1238	3061.3583	4161.7735	5070.7094	4501.9196	4441.5942	5588.1732	5288.60625	4688.4116	2111.2824	3036.651	2095.7423	3715.5465	3323.166	3540.859	3314.3548	2600.1359	2661.0362	3599.3119	3241.73845	2452.5008
ELL3	128.78065	276.1112	206.88395	296.2284	97.79535	77.5987	104.9	179.4607	130.3864	111.6894	380.0115	250.8883	240.03475	80.1688	143.1796	103.4947	376.7576	90.2701	82.2138	86.1557	92.4887	94.5597	177.6729	412.57815	94.45345
EML1	173.26905	326.7122	101.71905	118.7699	343.29855	751.2976	489.418	210.1483	343.6197	371.6814	374.4581	171.929	291.9109	640.6298	496.9781	620.4947	320.4417	479.584	601.8913	546.396	828.5268	829.3634	477.169	1246.84695	654.50615
EPCAM	2758.29075	4397.62505	2239.2987	24929.6057	4592.3233	811.5	2602.1942	9667.5508	4220.2664	7394.0559	5766.6041	27803.98035	10549.9162	765.8989	2079.5652	153.7102	30671.9682	7813.7652	6664.39425	6031.27415	3109.9611	2922.1369	2390.0124	28567.5692	2941.0099
EPS15	1341.18205	1609.881	1136.1227	1129.7272	1453.09835	1724.4344	1189.9913	1499.3682	1214.9073	1278.3423	2227.795	1091.516	950.75265	1623.9257	2217.3913	1720.4947	1353.8548	1796.4072	1957.54525	1641.469	1995.3852	2062.1508	2269.76475	1549.2909	1634.44165
ERCC1	900.23845	917.40445	822.35585	674.3403	1050.19135	850.9229	755.9219	752.7722	982.5137	1157.3936	1237.4044	628.33355	1055.6323	771.1765	810.5526	1021.7986	599.4898	852.0427	648.0375	743.9676	618.0064	737.3062	984.14735	548.49955	1011.9037
EREG	30.7908	3.38265	10.571	587.9847	0.7199	2.7111	15.7121	38.2578	15.1393	6.8772	1.2594	1174.6971	4.75065	67.0539	12.7358	1.4134	109.4788	2.7822	3.2497	1.926	82.4468	84.94	1.9929	244.5688	0.55205
ERG	129.0195	261.75275	152.53535	113.0298	252.4331	979.657	64.3395	280.6855	215.8463	123.8239	335.5195	148.6443	178.4186	758.3213	671.0775	627.0627	453.6797	509.9578	539.0507	429.75755	504.7574	527.5	854.24595	549.13525	603.4767
ESR1	40.74015	7101.33285	273.0964	7.3677	21.0122	115.666	66.8421	117.1096	35.7302	2485.4434	209.9367	6.913	6940.48735	245.481	2779.8282	5909.2529	29.3056	152.1931	206.71405	181.0674	127.3233	119.0257	308.7523	41.673	10018.15695
EVI5	377.8147	357.57095	291.3959	387.8979	335.3954	372.7219	323.3704	469.308	363.5523	290.0741	422.5413	420.03875	299.30255	448.3965	528.0041	553.3569	395.1308	402.8356	486.38685	397.69915	782.9195	731.3451	494.86605	452.2844	480.72335
EYA1	6.02335	5.247	2.15105	3.7405	0.14355	3.0046	4.6578	15.4721	39.6096	3.5765	134.4008	9.21595	28.51405	69.0571	19.6084	0.33	3.7405	6.1656	7.59	5.8696	21.0955	19.5241	280.2544	6.75215	5.3896
FAM83D	682.5622	275.8952	1051.68255	652.9882	20.33695	89.1443	25.2036	269.3727	1057.3095	773.7533	157.3734	797.86425	339.3332	373.2057	26.1584	17.5463	294.3144	31.8432	64.9834	93.3908	45.5467	69.869	221.4965	450.6547	20.7922
FAP	237.5485	1005.872	163.46545	236.8761	10.1982	110.4972	16.4654	423.2344	446.0404	144.0849	69.4938	249.3641	121.46245	137.317	331.8198	1317.6678	12.5601	15.3339	17.23415	8.60145	98.2308	142.5	29.22055	43.9452	690.97825
FASLG	5.68405	11.7206	25.2644	9.6618	5.46495	37.1445	6.3412	19.4518	15.1707	8.1101	4.7319	8.57815	14.1271	357.5112	418.4188	546.6431	682.3576	236.251	275.5768	234.3791	702.8939	765.0643	386.33465	858.18945	463.24165
FBLN1	10444.0314	3664.69135	5750.8804	1422.1964	97.9692	425.0907	295.9184	2663.3212	4856.4292	2960.7978	4822.1635	1797.4481	13912.74555	35611.244	8085.9853	24920.462	5351.9041	1745.6246	1639.20435	1722.583	7464.9533	9870.1299	6733.09375	7179.22445	25278.8442
FBXW4	1171.81955	1220.9712	1045.40945	869.6388	1596.3708	1262.4331	1790.878	1107.6598	988.149	909.9244	2031.9872	814.6515	1946.2885	1486.0558	1427.4786	1284.4523	1174.9554	1418.4763	1262.8669	1542.9129	1667.3766	1556.5359	1615.86785	1119.8038	1462.8539
FBXW7	359.60125	368.89125	386.2245	301.797	284.8313	375.4006	290.4196	408.3538	363.4754	204.21	259.9668	296.8257	344.12195	427.3973	782.7381	354.0636	307.1429	234.1825	270.19405	226.84825	374.2331	389.2632	311.06865	333.45005	437.10415
FGF1	22.61755	219.06555	31.94045	16.5354	99.0883	94.0536	42.4818	62.4695	58.6443	36.0763	44.7395	19.8414	57.4637	80.6452	179.1539	38.9439	13.8545	52.5543	50.238	42.96245	287.9433	301	21.55485	25.8422	39.9405
FGF10	0	4.2019	0	0.9179	0	0	0	0	0	0	3.1987	1.0593	0	22.4806	1205.7818	49.3489	26.3047	1242.5677	2539.68965	2518.5766	86.164	92.3965	83.7852	59.9087	129.5211
FGF20	0	0.3162	0	0.474	0.38645	1.176	0.8167	0.5926	0	0.3028	0.3752	1.07805	1.67635	0	0.7672	0	0	0.342	0.31865	0.31925	0	0.4653	0.8792	0	1.0323
FGF21	0	0	0	0	0.39485	0	0	0	0	0.3011	0	0	0	0	0	0	0	0	0	0	0	0	0	0	0
FGF8	0.4834	0	0.4685	0.4393	0	0	0	0.5397	0.8384	0	0	0.37375	2.0161	0	0.361	0	0	0	0	0.52465	0.3894	0.3554	0	0	0.41255
FGFR1	451.28265	1942.6246	376.27765	529.8744	3048.7412	1869.8897	1834.845	935.7923	1079.1343	3267.6718	1323.2351	496.46185	3860.47925	3944.4444	4850.1543	5280.8581	999.625	1812.8011	1697.38455	1790.9255	1665.5146	1978.4982	2274.8343	1881.5621	4263.91495
FGFR2	513.85635	663.20815	612.8299	225.9868	618.20095	677.1729	605.7572	361.784	1664.5161	1579.7167	493.0176	176.26545	1572.985	1153.9808	1368.2237	1101.3201	1505.4672	1719.6815	1698.9966	1450.8358	1774.9196	1354.2659	1786.18755	1269.9895	2006.5703
FGFR3	2794.05035	311.32015	2405.91355	481.4443	8.11855	549.7107	673.0973	402.7256	1897.705	179.9866	499.406	494.86455	200	1980.0797	76.5957	194.7195	904.6795	1608.4857	901.688	1393.38545	813.5747	735.2404	457.34415	652.10645	156.67
FKTN	325.3942	561.9778	370.90665	530.9322	507.23975	563.4829	425.9928	373.6026	388.7207	489.884	500.1733	601.0426	309.14615	277.6471	507.1391	263.2509	396.6422	451.2995	527.2623	411.6475	311.4025	303.6143	446.3475	404.6314	346.86765
FLT1	629.1679	926.7901	380.74205	556.4626	1948.93395	11788.4323	358.5139	1081.993	792.8803	360.2771	662.1924	669.5527	681.80135	774.9271	1709.4197	2203.5336	449.8076	1781.6942	2949.76385	2520.44845	1663.2532	1832.6055	857.61415	475.8016	1190.3353
FLT3	2.9726	44.5059	4.88635	3.3557	0.54505	23.7724	11.549	14.0797	6.7289	2.3529	5.829	2.9428	4.9325	13.1422	25.3649	23.7624	17.9641	6.4321	19.71015	19.0859	20.8263	29.0169	8.1576	25.9134	6.3986
FN1	21565.1559	75828.86885	4772.57515	13741.7012	6736.7202	30729.9331	4305.6022	47372.9105	32613.5391	17353.0637	6097.9567	22030.2746	6028.27595	15368.3621	11034.6654	13790.2673	8626.1648	5821.3639	9818.2071	6037.78355	68572.5126	79144.9541	9671.5345	17924.8953	11994.2496
FOXC2	2.78395	8.1451	6.3824	3.9118	12.3988	95.3687	6.0373	3.9663	7.476	3.122	3.6377	6.74685	1.6484	7.0262	14.1584	9.2409	3.9019	69.2281	43.77545	53.8754	10.2708	12.677	5.18885	3.27215	5.1952
FOXP1	1071.0562	1672.0865	800.37775	1188.545	2135.8173	647.3755	616.2233	1198.8848	667.2891	807.0624	2429.9321	1137.0974	738.61315	1649.8148	2041.5094	1718.8119	1497.5149	637.8046	894.42015	708.0694	2012.0482	1797.0822	2121.0907	1973.28985	1517.17415
FRK	58.9778	97.81125	98.42735	135.3437	198.5261	114.7566	122.6678	121.5017	146.5586	79.7923	75.3715	133.61585	71.37245	65.4008	87.339	11.8812	217.2867	289.7721	408.41495	325.7374	56.4759	69.281	88.5935	178.41335	15.9102
FUZ	303.1968	307.35335	252.4741	103.2113	512.3531	444.6779	582.2272	255.3557	221.2423	586.9974	361.5713	85.4279	597.8164	247.7761	277.85	376.8225	140.0709	654.8279	444.1449	637.81685	297.3179	276.7314	337.55685	169.8105	495.96965
FYN	423.97495	494.1153	315.43635	394.0328	266.23345	1362.1518	411.0921	772.1239	610.0692	747.8754	208.7766	403.03935	562.0999	1357.2603	989.4158	2213.0742	528.5714	550.2137	740.74535	792.3338	1238.6081	1420	276.9988	714.18535	1682.3687
FZD3	121.91825	141.8594	38.2102	131.4694	123.2566	84.2424	93.9679	97.8626	116.1226	395.4559	158.8761	115.4055	345.79955	145.6272	169.8448	177.2277	49.9096	147.4812	171.0297	132.0716	54.6921	60.736	235.18335	77.1492	190.6031
GAB1	321.27515	730.53785	357.66875	511.0087	385.80845	732.7869	534.8595	449.5058	462.8067	311.8664	349.1322	548.3513	323.6071	691.4725	1136.4075	1308.8339	1157.5547	765.1156	1012.71295	766.9083	1301.855	1195.0045	566.89195	1219.6224	1141.0788
GAB2	317.8867	711.392	226.07925	719.8633	2638.98375	819.4103	563.1754	816.5854	376.6667	2758.2685	292.6366	753.91645	431.71345	804.8225	1196.2311	1589.3993	1078.4945	562.7679	644.85	572.67835	2015.4531	2051.1175	426.09375	948.89615	1437.81495
GCG	0	0	0	0.5495	0	0	0	0	0	0	0.998	1.79055	0	0	0	0	487.5746	0	0	0	0	0	0.35865	1427.93665	0
GCNT2	82.3792	341.39505	224.05895	21.4778	456.29025	527.628	533.4814	610.3679	443.6314	159.6212	1227.2675	24.3874	694.736	136.4706	463.1708	167.4912	493.8685	792.0683	823.42505	700.1915	804.8569	698.366	2030.09625	330.89285	209.02635
GHRHR	0	0	0	0	0	0	0.4529	0	0	0	5.5887	0	0	314.2857	1894.5106	211.2211	223.9229	428.8751	642.7493	550.05725	196.9279	196.9996	761.79005	593.74615	206.0686
GINS1	527.4112	314.5199	857.18895	572.1668	59.6965	99.6487	112.1363	247.9511	599.5143	461.3549	54.8953	655.97455	458.21905	61.9826	61.7344	38.3825	200	77.5355	76.80935	71.67975	32.9934	33.9888	52.80115	252.5157	66.4008
GLI2	27.86005	69.60085	29.26345	68.5579	8.41165	77.7027	7.6816	94.2225	196.6002	233.9499	66.0066	65.52885	36.34885	136.0533	127.6525	339.9293	77.2945	23.7192	31.65415	34.80815	89.7416	105.5789	114.94475	122.43945	299.54975
GLI3	281.22565	1120.04045	414.8573	65.3671	23.39715	167.2375	158.1428	183.2192	466.0947	484.4608	232.6478	65.85215	106.10285	485.7143	1423.1205	1787.9859	156.7091	102.572	163.8792	187.25155	387.5325	395.1249	525.59385	480.57865	886.35655
GNAI2	6784.85065	5999.37775	4900.78235	3471.914	3088.11315	7407.3802	5399.7361	6327.7045	4964.7059	9946.0831	3935.2601	3519.2048	7084.23395	7769.6874	6771.6125	10704.2904	3826.8625	4802.1516	4268.1263	4436.54425	11109.2437	12122.8596	5907.30395	4897.6502	8662.14985
GNB1	8018.25765	8519.9031	7200.92105	7550.9508	4979.60765	9122.9102	6995.5254	8250.7031	8416.2702	8647.1172	8396.2409	7163.79805	8466.65645	7727.2727	7928.6657	7543.4629	8554.5455	7524.6492	8014.32835	7419.77385	8763.2816	9176.7361	7957.87325	8630.5293	7148.2349
GOLPH3	2224.12055	3155.2824	2344.9002	2589.1082	2825.877	2206.2628	1726.7421	3578.0385	3219.8912	3130.092	5485.0403	2653.80515	2109.8309	2251.895	2522.4215	2268.9513	2916.2987	2666.8711	2681.52775	2380.2621	2849.1532	2709.0407	4063.46835	3228.473	2127.52375
GPAM	258.68385	420.3499	252.44475	304.3995	848.15625	234.4437	265.6273	345.6862	303.46	284.2486	298.2908	331.3062	313.6669	264.7059	5679.8906	303.9604	295.0363	354.1513	433.6598	369.60345	341.0364	357.1065	346.0098	316.33375	325.34695
GPC4	314.20325	916.50765	256.71105	1284.058	586.20465	1012.7796	3453.3221	2024.0864	1147.404	723.0169	516.7426	1353.38	1213.09415	568.7519	562.8491	964.6865	898.1113	1649.6135	2248.9637	1779.9277	2112.2297	1960.6987	588.56615	944.8887	740.4616
GPLD1	15.77275	7.9933	5.3157	5.4133	3.2991	12.1602	7.6646	15.9815	24.2424	22.6274	19.4926	4.6847	12.8221	60.0579	73.7463	31.8021	10.9901	17.6097	24.37885	23.04635	26.1383	31.6426	58.0432	24.29215	21.73375
GREM1	590.84355	774.38365	212.6057	1489.8551	1.295	21.5061	3.5119	710.2317	944.2297	58.3283	371.5651	1686.23985	49.07075	252.7911	299.057	394.7195	1058.3514	142.3422	82.28735	55.28815	26.2411	28.6057	329.4357	1826.2819	279.38825
GRHL2	1688.98915	1833.2986	1664.55485	1135.7369	776.77465	1.938	1.3562	1123.778	1737.4297	950.052	3345.2261	1189.81705	1592.45735	1143.321	1229.5985	9.5406	830.4675	698.0827	457.9055	427.85715	623.4402	536.3026	2450.94615	675.3074	345.293
GSK3B	1239.4319	1668.50375	1581.46855	1337.8781	1559.49465	1086.0852	1455.0243	1139.8499	1859.0893	1534.2338	1222.5239	1424.87145	999.49545	969.2052	1524.9658	742.4028	1138.4851	1035.5295	1350.4768	1155.8774	1464.2953	1375.1017	1154.744	1198.2743	885.41715
GSTP1	12427.44255	1877.5235	19196.12345	9140.3433	5306.53105	4672.6041	9324.6648	11680.0039	16678.5033	11642.8571	1284.7534	9410.23525	19051.72185	9677.8309	3740.2	6203.8869	5478.4211	9477.98	6487.38055	7079.5502	9497.6888	9214.2953	4221.3123	5305.6698	6815.57475
HAS2	87.84845	59.5613	35.1049	107.0106	1.29595	12.0306	1.7754	73.724	118.1907	43.362	12.2655	117.04835	15.66175	248.7453	85.2427	64.3564	103.8496	36.3727	35.44325	24.7691	112.8746	279.7	34.60505	133.3742	29.647
HCK	155.15185	292.783	286.9434	229.4648	243.89995	461.8685	280.0829	609.7786	737.9967	254.0443	110.3959	173.55795	173.92575	222.8654	220.2552	204.9505	554.2804	94.2786	94.4488	85.52295	1644.958	1909.7083	146.4165	427.18015	96.6127
HDAC1	3671.159	2395.9715	4765.40955	5262.8413	1136.4023	1960.5284	1453.9317	2585.3493	3731.9897	2581.8977	3611.689	5180.66485	3181.60095	3015.5317	1903.0819	2267.3064	5402.7829	2397.6338	2105.47605	1941.7737	1586.2304	1690	3061.46585	4943.73115	2704.48395
HDAC2	2510.4176	2118.93495	2679.4594	2782.5867	852.5823	1393.1004	1293.6317	1757.2305	2864.3397	2247.4368	1922.7274	3067.3646	2582.52115	1937.1227	1725.9751	1847.1947	1605.475	1457.2378	1597.8594	1348.95795	1307.243	1301.5363	1660.201	1823.3412	2347.6836
HDAC4	201.98315	308.52535	343.48835	483.2029	203.55005	293.7543	279.3885	350	456.5757	548.6889	447.1299	517.90925	430.038	554.7623	601.1633	976.6784	578.9136	346.3038	376.0533	418.3003	518.6688	480.8189	521.8706	1008.2302	861.8367
HELLS	225.67025	155.73925	419.3445	238.0705	20.639	54.4294	46.2428	106.5134	286.8769	146.7633	31.6598	248.4979	186.94145	78.566	42.0244	24.0283	81.9519	68.2122	66.2331	48.4836	15.9114	20.1064	27.70345	85.57685	47.0972
HES1	2530.28185	1173.688	2102.149	1503.1552	365.0849	948.6776	959.2224	913.7074	1192.4812	890.8407	1856.3711	1545.03755	1250.10405	1733.6986	1216.8254	802.8269	1498.7911	1844.6636	1268.3278	1281.47955	637.9453	594.4866	1956.98305	1443.1224	787.7648
HEY2	30.8403	96.3525	43.5353	29.6479	44.04225	255.1828	145.5515	33.8034	50.5518	535.9927	68.2002	34.95165	384.23755	62.9921	367.43	123.7624	33.533	100.7397	104.6674	131.34035	87.436	78.4246	37.5057	55.99995	389.6601
HGF	9.9668	38.5694	7.14805	19.6535	25.0149	128.3363	21.9619	76.5197	32.2839	13.1323	50.2137	34.30885	11.16825	63.081	118.7784	87.1287	23.1234	124.0049	216.08445	117.35945	162.8264	275.7077	69.35885	32.81185	89.1775
HHLA2	0.1206	0.354	0.62385	530.3352	0.6799	1322.9164	678.6967	32.0347	7.6059	2.0824	2.1164	526.4269	11.73225	0.5252	0.317	0.7067	5011.7672	20.044	109.14695	139.40115	84.399	65.4997	1.46465	3693.86125	1.0816
HIF1A	3038.15055	2156.90125	3821.38075	2041.0388	4309.3531	3003.2051	4313.8205	4048.9356	5997.7874	3417.6188	2399.5977	1835.90895	3592.78465	3268.5914	2104.7065	2045.2145	2200.119	6762.9033	6188.47425	4328.99695	2720.9484	3295.4115	2730.8691	2425.41915	2289.8935
HIPK2	532.5338	1896.08505	681.92615	1285.616	6164.45925	9154.1353	3572.9707	1854.263	1262.2814	2144.4992	4130.6804	1203.93505	1666.82865	811.0236	3325.188	727.0733	1700.6432	5486.4389	8189.03745	7732.63615	2626.9947	2505.2889	2805.8221	1426.8359	1032.9624
HMGA2	12.43165	4.74965	38.169	198.2987	1.40255	1.6124	19.2293	16.4835	390.0476	344.928	0.5886	206.81445	145.6865	1.7493	2.0367	4.2403	126.6247	2.8179	3.4409	3.0764	2.6227	2.8966	1.50125	114.77525	52.45385
HMGCR	1079.13485	1195.993	1352.9688	2281.5675	1693.703	663.3416	615.7121	1041.2917	1478.8154	789.8682	1375.7485	2270.9979	1739.9683	976.2805	955.3362	605.8944	2914.7186	1205.0018	1424.79975	1189.37645	1807.309	1769.4854	1565.42125	2247.3082	760.1564
HNF4A	1.7774	0	1.2188	3620.8791	6.4461	1043.3549	895.5273	3.6117	2.1916	0.2397	0	4569.70945	7.3327	1.1962	0	0	5147.139	259.5434	1139.47565	2242.9057	5.1144	4.2872	0.12685	3902.62825	0.95825
HOXA3	148.35235	31.8718	95.98165	253.5107	84.1457	217.9442	853.7273	77.8277	151.627	62.1762	106.5911	300.49685	76.351	147.5265	175.6524	105.6106	277.6581	214.0678	163.8476	203.90725	84.0336	99.6106	98.46395	174.41015	214.38415
HPN	3.11305	688.41455	3.9217	4.4739	3663.8676	3197.2714	3782.9574	886.9908	92.6606	905.9188	5105.2703	12.5696	788.6026	2.6247	159.9822	10.9664	5.2395	3473.1491	2774.99265	4716.5363	588.3692	549.887	829.1162	8.4101	428.48765
HTR2A	0.81585	1.973	0.29895	3.17	0	1.5582	1.1198	3.3937	2.8944	1.2157	1.3423	3.8136	0	7.177	25.2259	7.0671	5.0314	2.1563	1.76875	2.08765	4.8181	5.1247	4.0333	8.31465	7.5059
ID2	646.29115	1181.64435	816.2292	1540.2243	686.11895	2856.7711	2201.6377	759.1478	633.02	915.4058	1109.6262	1522.48715	1341.647	1984.252	1206.9404	1883.3922	2537.9455	2415.4433	1967.282	2238.55235	1667.9369	1817.67	2148.85105	3383.4315	2292.6012
IFIT3	571.76285	868.06375	1078.19095	399.866	567.97935	1356.7002	481.4404	895.8991	629.5196	1534.6089	178.4748	339.8069	407.2394	302.1278	719.5767	656.8905	339.4614	976.7639	915.95825	749.24935	1716.7421	1578.1046	303.38435	301.47035	661.31505
IFT20	603.4335	380.1972	416.58175	348.8404	229.16685	285.3501	517.0818	479.8164	391.8545	260.6635	563.7148	352.14755	436.82365	398.0174	311.1269	459.5194	301.1438	442.2884	328.38005	346.84975	353.5118	328.8134	484.05205	297.43395	474.5076
IFT57	610.0396	634.5223	651.73045	791.9131	537.56875	824.5543	1098.9011	1347.0934	864.7524	1341.6904	1710.7754	854.22185	1040.3722	785.2941	765.6522	1019.4719	939.1032	1137.5644	1043.96805	1039.98695	3016.2338	3191.0778	1897.161	1020.31805	1100.87045
IFT74	238.3746	362.9594	239.19985	343.7604	164.253	268.5768	321.1632	211.4444	191.0786	275.2034	353.4426	395.9564	315.2062	302.5095	363.109	315.1815	359.6408	456.4124	452.1782	361.3964	224.0446	247.3567	327.9999	363.4263	408.4326
IFT80	521.9583	520.11465	735.79725	319.9977	497.87375	642.766	800.2411	641.2784	734.7084	635.895	351.6761	365.65005	551.59555	364.723	502.7311	542.1696	236.28	897.738	703.078	590.6195	737.3434	703.2402	386.69425	311.9573	679.74065
IGF1	35.72365	264.5743	65.7151	38.4123	398.00005	128.7655	37.2747	175.3372	134.8369	608.4821	580.3907	42.56925	331.19965	587.1433	1802.9586	1041.2611	221.6315	104.1029	142.5115	113.4192	272.1281	278.9741	1022.04015	268.4869	1633.90695
IGFBP2	638.658	2281.99615	1650.2116	2777.0038	180.00895	323.2795	301.3889	1618.0082	9380.1653	14873.1346	5632.055	2711.6209	7733.3097	3094.2895	1432.1739	1788.7789	2299.269	3137.6428	2234.0671	2376.1092	1334.7339	1256.4306	3590.96415	882.7151	3043.22625
IL12RB1	23.50055	33.8532	47.47415	53.2508	20.4737	89.7821	27.5535	76.1913	51.8489	33.0694	14.7857	37.83615	33.78195	28.2353	23.8316	17.4917	91.3024	8.8072	11.1682	13.4016	170.704	183.729	13.74615	58.72165	12.5485
IL12RB2	12.2496	10.65265	124.9627	8.0451	6.6865	16.9323	109.3834	16.3441	72.538	15.6977	2.7514	8.46	8.7003	12.1362	20.1958	7.6765	13.9124	9.9073	19.75345	14.15105	9.8338	16.4896	3.70315	15.175	3.84525
IL1A	192.53425	2.12355	52.9124	18.2148	1.934	1.3011	2.3265	9.5541	79.2298	7.0778	0.4191	18.4447	4.6234	66.3265	2.6377	0.9901	3.83	0.7488	0.70065	0.62135	73.7507	65.6425	1.4518	7.28235	1.92615
IL1RL1	4.9519	5.69585	3.7261	7.2974	2.8195	45.5175	21.2714	24.2117	16.9836	2.5947	5.5055	10.9658	2.98805	35.7699	14.3147	19.1912	18.4685	323.8128	561.32855	475.0322	405.6715	597.1193	20.0644	19.12385	3.40165
IL2	0	0.2647	0	0	0	0.3771	0	0.4963	0	0	0	0	0	227.9412	203.9538	127.2104	445.7023	39.0487	43.5298	40.31445	451.3588	606.9213	146.31285	312.75945	249.8904
IL26	0	0	0.5913	0.9304	0	0.3192	0	0.638	0.4097	0	0	1.40505	0	264.1399	816.4026	390.4594	256.5854	18.3215	16.7898	17.04905	503.112	413.6932	592.76925	221.3701	472.16355
IL5	0	0	0	0	0	0	0	0	0	0	0	0	0	0	0	0.3534	0	0	0	0	0	0.3009	0	0	0
IL7	31.9425	15.33235	47.42955	122.8627	15.64	90.0061	48.8401	67.9426	45.1367	15.3665	37.2427	108.1851	18.3726	50.5882	36.2826	11.8812	177.3004	37.7114	36.4946	32.8662	92.5486	106.9124	42.56005	131.6596	35.3224
INHBA	93.244	285.53665	44.26955	153.6899	17.8029	89.7947	12.5965	177.7271	220.7695	81.1137	30.4207	190.052	35.4985	27.4964	31.0458	46.2046	3.9843	41.5639	45.4373	26.5366	319.5635	379.0554	27.14665	10.18925	41.8679
ISL1	0.9807	0.6386	13.68465	6.8496	0	0	0	0.8711	1.9646	1.1672	108.6397	14.42725	1.2761	12.3604	1.5877	13.4276	10.3896	0	0	0	0.6125	0.5	209.7544	44.7502	7.1699
ITCH	1399.3013	1399.40005	1189.3175	1540.8859	1397.7205	1378.3465	1242.5765	1474.5031	1591.1625	1239.7826	1192.2883	1755.10405	892.3892	1318.0212	1585.2427	992.2261	1562.1863	1371.962	1747.83805	1370.32775	1281.6065	1304.6527	1455.2417	1713.45845	1046.0877
JAK2	224.6228	399.22075	364.94955	299.2498	365.05555	447.0966	232.172	331.4358	302.1542	177.3005	233.9623	279.771	151.5867	549.8542	635.5184	457.9505	403.7925	418.105	485.3348	361.0615	624.4218	668.1034	346.6923	409.09445	474.63535
JAK3	292.6032	188.4231	277.9015	210.2336	73.232	546.8472	397.4115	499.3824	376.6603	356.2215	107.5613	196.8694	269.12405	248.062	168.7117	153.3569	192.6767	92.0981	84.6468	71.6582	231.2829	373.5229	106.47945	130.66625	155.15455
JARID2	695.81815	773.8849	681.30065	508.0707	236.77315	397.3743	260.5145	497.9182	1023.6369	542.4837	447.8225	574.333	623.87495	459.5588	557.5878	364.6865	422.1756	326.1407	282.28655	289.51915	456.2012	454.1101	390.4012	370.91855	403.86655
KAT2B	427.4291	296.4231	330.78215	224.9047	669.74385	771.7627	422.7594	426.0312	278.6506	403.7447	724.276	211.9884	232.51255	906.4706	784.7158	706.9307	701.4477	1285.3856	1208.42885	968.1053	1053.2481	968.4455	1004.6339	849.4089	544.32205
KCNK2	2.5744	53.7665	7.48605	1.3925	0	16.3361	4.5124	2.8358	12.5479	42.4419	8.0882	1.5428	2.6044	51.4706	244.374	19.4719	14.9187	23.0004	13.13555	5.7523	2.3383	2.9962	14.78415	17.3796	14.78055
KDM1A	3050.0892	1911.9653	2330.50375	2226.4843	1050.3661	941.4206	1183.9681	1574.4361	2025.2717	2405.0894	2165.7973	2447.04175	2859.99765	1590.4793	1549.2868	1647.7039	1363.024	1228.7559	1321.02075	1183.47415	1065.8263	1113.3839	1779.59575	1378.1457	1891.16025
KDM4C	457.8767	546.58765	536.7593	739.3384	471.5827	631.3183	416.4265	447.5396	454.644	451.7744	548.6873	778.18085	444.19155	628.4344	657.5441	531.0231	731.1533	501.1129	499.3298	451.3206	550.6912	603.5	548.81485	756.0789	505.62185
KDM5B	2294.60015	3499.13925	1961.4076	1508.9247	694.3264	1173.5835	978.6437	2368.7728	2704.9983	2223.8491	1913.8072	1540.64885	2588.74245	1972.0548	2061.5836	1323.7624	1512.0423	958.4192	1148.50445	883.6991	1182.9819	1210.7289	1588.28425	1298.6991	1667.3286
KHDRBS1	4114.664	4080.8728	4270.37895	3866.582	1936.42295	3589.9906	2604.643	3417.4125	3799.9726	3850.5305	3038.4009	4115.07745	3823.43085	3688.5504	3739.7145	5425.7951	3159.4466	2826.1469	3116.3779	2683.4837	2793.9847	2853.2213	3061.23155	3504.7442	5229.41745
KIF14	250.6917	173.8318	391.6105	251.5819	6.9136	25.8413	10.3922	149.1958	337.9143	166.0109	12.7452	253.9847	190.2452	15.329	11.7086	3.6304	50.6958	2.2183	3.5808	2.55995	10.1695	9.5955	4.74435	61.79435	8.01025
KIFAP3	626.24955	1177.45655	707.28	639.9457	584.94605	1029.185	735.266	794.7351	740.7143	696.5531	542.4644	715.27495	625.01705	593.6396	928.9978	894.8595	1143.0518	934.5273	1087.49655	937.8084	876.8511	838.1119	615.84675	846.26455	758.55845
KITLG	275.0523	1109.68095	591.18235	544.7603	1669.39685	700.3383	1550.3493	1715.0896	1323.1681	126.135	402.9163	471.28145	188.37885	640.6643	1114.8492	1046.5347	1210.4152	1901.5584	2308.16305	1596.25295	2202.0815	2051.3699	1024.43705	1247.06705	977.48445
KRIT1	608.6837	717.3752	625.00755	650.09	917.11055	742.7056	696.4977	654.8139	800.7911	703.6051	567.0665	762.1156	472.71255	594.7059	835.1893	641.9142	480.2794	729.5453	670.167	591.4568	558.2547	597.8391	663.87635	535.5228	721.1848
LAMA5	5188.4795	2292.18065	5099.4314	1637.1022	5003.3166	4004.3621	5881.4929	3105.5646	4855.4702	10631.1227	2668.0117	1589.3255	6152.4386	4599.6016	2315.2568	2514.0507	925.4499	3549.2958	2512.284	4261.6061	3660.3157	3354.7725	3080.01495	1502.2659	3306.4449
LAMB1	4582.9787	3612.93495	2200.1872	4084.3936	8570.55685	4845.2033	16131.8477	2650.3206	3963.3441	1015.8197	1117.7351	4304.6415	3617.33035	4151.5985	4872.508	4325.7951	3191.9903	7657.1231	7714.97765	8110.9312	3319.5616	4344.7725	1817.81375	3376.3128	5065.5704
LEF1	113.97685	342.7411	134.78605	234.4273	345.23965	151.7524	17.4043	168.3174	382.8332	540.859	220.2886	251.1581	994.5684	99.1254	103.2746	254.9692	56.5272	114.9346	130.76585	118.20385	99.6441	125.0447	141.75825	54.01405	669.9404
LGI1	0	0.2674	0	0	0	0.2793	0	0	0	0.2528	2.9668	0.3871	0	11.6618	3.1233	4.9349	34.4826	0.4128	0.3603	0.4929	0.6029	0.5267	8.39075	53.2274	4.15845
LHX5	2.37455	0	1.19375	0	0	0	0	0	4.9389	0	0	0	0	0	0	0	0	0	0	0	0	0	0	0	0
LIFR	181.93465	555.42255	185.23425	42.488	1928.63545	1994.8744	957.4349	1130.5894	459.7365	572.5465	2918.6671	48.9177	320.82305	1078.1476	4427.0642	4753.4653	562.4614	2229.5041	3229.6159	2476.9775	3997.2107	3430.8833	3795.87945	732.8618	3224.4883
LIPA	1298.16495	1919.1002	1212.3963	1422.9645	1042.6016	4245.5328	2676.0491	2744.1714	2284.1269	1624.0645	1163.1668	1436.75075	894.0537	1274.6849	2500.3183	1414.1343	2125.001	1878.1324	2014.0074	1660.04125	5771.4821	5526.821	1372.13565	2002.0884	1451.0581
LOXL2	703.49475	1191.1146	465.13345	1104.8962	317.3129	2018.3807	339.3185	753.292	928.9306	697.8343	268.8917	1306.81765	781.70515	284.5481	994.2966	456.1056	163.6616	231.8013	348.22635	293.0083	431.0065	623.7371	134.22405	184.3838	364.5587
LRP2	3.87755	606.4062	1.28035	0.4495	3.21175	9063.9631	7878.1681	157.8292	25.4925	69.5381	4.6115	0.4932	16.3006	44.8625	62.9957	30.742	21.3284	63.7548	60.38215	58.3096	259.1036	206.2092	48.9291	27.6658	77.18835
LRP6	531.84605	969.56225	506.6984	872.549	781.9851	974.3454	747.5538	894.7778	785	1076.614	863.8847	909.87095	949.72875	760.3499	1854.9568	1569.637	818.5377	1321.8068	1673.386	1358.1435	1081.4714	1075.7705	1005.5999	892.9726	1248.6095
LY86	42.50745	131.5737	49.1185	37.177	63.3878	245.098	182.0171	170.3869	86.7157	127.7275	54.2976	33.6837	37.4721	80.6202	87.7358	70.297	96.1428	30.0661	32.7218	27.6183	453.6382	480.8638	47.8218	135.88945	41.3386
MAD1L1	659.1059	386.92495	591.4516	453.8136	402.30965	353.8323	812.7579	518.0442	476.4297	549.1645	548.3871	466.449	855.9274	430.5162	312.3886	450.8251	372.4908	344.6473	292.5824	365.0206	456.337	484.8712	404.0831	369.0706	525.85315
MAP4K1	64.13175	93.0834	125.5869	56.8275	18.49985	139.9744	87.4647	191.4909	159.7065	193.5631	46.4924	47.79105	119.76455	6593.0233	7401.3761	6959.8355	4948.9603	6215.2535	7511.15705	7636.82015	7626.4755	7940.8868	6477.93415	7053.43015	7488.01335
MAPK1	2212.39355	2914.261	2561.2999	2672.6392	4199.13065	5013.6609	2645.4721	2825.8914	3561.0086	2362.8555	2868.649	2729.62565	2291.92345	1475.2791	1656.2258	3064.6643	1800	1312.6835	1492.40895	1292.2511	1568.554	1579.4805	1089.8405	1816.1124	1699.46045
MAPK14	1295.8526	1356.93	1378.40265	1568.6991	681.83155	1383.4837	1239.4958	1613.6204	1547.6815	1412.2732	869.4519	1689.5402	934.07495	631.7647	281.6004	792.9329	81.5075	525.4646	557.0398	510.25845	201.3423	198.7684	765.6081	133.93605	480.48545
MAPRE1	3428.6372	3269.8401	3205.24565	3750.3737	2728.7234	2590.7421	2805.1832	2910.2504	3627.7873	3077.7221	2234.9169	4658.5975	2117.8787	3700	2852.8439	3355.1748	2705.8814	2913.0435	2867.7048	2520.24685	2638.8522	2796.7651	2968.4155	3217.7014	2477.48825
MCM10	301.58235	180.5752	414.5653	270.1335	6.3109	29.4831	14.7059	137.2791	326.597	233.6057	12.3658	254.66175	189.61465	19.8251	23.2992	2.6403	71.5706	2.3793	2.7356	2.13875	9.7352	11.0092	6.84835	97.2419	5.33615
MECOM	1528.0269	197.28795	1060.0478	1522.0935	3235.1768	628.7841	122.389	1082.4663	869.3271	2499.8944	198.879	1499.9352	3511.30195	1427.1318	576.1752	511.5833	1575.5895	4588.3255	4821.15265	3886.40155	2044.5469	1767.2589	539.2251	1358.6886	1523.6174
MEF2C	197.92175	487.35605	118.9093	195.0207	513.508	1969.0171	301.5312	638.1186	269.2749	293.4917	329.027	210.6548	176.07665	969.628	1241.4611	1706.0071	636.9214	663.3128	779.24585	568.77315	1048.412	1157.9155	502.93215	847.18265	1257.35345
MET	1533.98895	344.18585	1712.8881	3292.9818	8402.26055	6170.5004	11371.5342	3668.3347	2414.4654	461.4223	329.0807	3459.36385	1072.2724	398.5547	398.706	192.2261	276.3419	228.9879	288.53865	269.11075	186.5544	202.6144	376.0367	381.06125	273.9776
MLXIPL	10.1779	21.3763	8.7156	617.6827	158.74505	375.9195	581.9443	25.3807	33.557	204.4444	21.793	735.51685	133.57725	18.2034	333.5337	5.6537	65.4072	142.2654	250.79795	579.4419	64.006	60.9343	27.75405	102.8263	35.3564
MNAT1	253.92605	259.7318	332.5932	156.8627	304.35195	168.3168	166.3721	227.8823	296.609	317.76	245.3457	166.50895	377.0244	216.9118	259.4368	208.1272	86.8885	209.1603	208.1814	172.6994	156.2631	151.113	193.3215	115.55725	229.56855
MSX1	53.63415	53.94055	51.5087	78.7789	49.97285	78.9293	27.3872	19.8392	40.2516	123.2128	79.9798	78.0716	8346.74705	250.2187	102.8157	750.8251	11.5425	52.2026	30.9425	35.68535	50.4202	63.1386	41.60765	13.52925	2048.9849
MSX2	519.892	207.0993	38.861	212.962	4.7159	6.8876	17.2166	26.2712	46.3576	18.9349	50.9554	112.5957	349.92545	620.4082	217.2619	65.2502	8.9288	6.993	6.31805	5.83375	15.6028	17.8073	99.11165	12.6471	535.7587
MXD1	684.96675	439.8832	1315.54015	1087.0548	556.8466	456.2767	352.9412	543.8596	1037.2188	479.2157	293.1713	1066.78615	350.69655	802.8674	487.8049	360.0707	3893.512	263.7297	335.0777	307.1141	589.2883	669.0925	322.34095	4283.2616	316.6958
MXD4	1216.02445	1428.46645	897.7683	1121.9238	2598.77965	2147.7097	2029.1469	1576.1765	934.1967	2165.1049	3062.0454	1001.4341	2014.94575	1690.9589	1820.8556	2051.2367	1857.2277	2186.961	1713.76035	2353.25405	2469.1396	2261.109	2397.3215	1712.3763	2499.7163
MXI1	525.65015	810.63095	730.22645	776.4875	557.9186	2348.8372	845.91	746.6166	919.3002	1049.1814	1095.4529	827.0859	714.37305	857.384	1787.146	1744.2084	2230.8979	1217.2757	1162.72755	1061.0345	945.6693	849.3204	1411.30355	2303.3638	1545.83645
MYO16	1.6732	7.4441	2.4462	2.7425	45.0381	1.9818	2.322	10.9321	8.9386	3.3771	12.0684	2.9765	2.3275	3.4996	38.6428	5.4832	3.3258	6.4402	6.62185	7.28045	10.8128	13.5	25.02405	6.73985	4.0584
NAMPT	2266.7163	1653.1429	2262.44005	2357.6798	2573.242	2321.7617	1821.7028	3623.8125	4332.0861	1219.4638	2129.8701	2836.1271	1053.64725	3823.3732	2386.6604	991.4191	1831.7665	1847.6151	1786.4141	1295.83805	4003.6955	4273.1938	2330.58495	1913.0577	917.8043
NBN	1338.82225	1991.9541	1071.78235	1314.5875	1212.27425	1734.3038	1227.8533	1164.5472	1274.3197	1230.3571	1173.9627	1397.83735	897.69665	1080.3887	1759.8499	953.7102	979.1956	1138.3884	1429.6778	1083.0256	1223.7136	1214.5425	1249.48175	1174.99345	1022.32725
NCK2	1151.47865	842.0621	1232.87265	1386.871	670.36755	1479.6256	1231.3204	959.1398	1184.0259	1521.1605	911.9279	1472.0424	1361.5197	1317.1378	1091.3706	1095.0495	1453.4777	1005.5914	844.03955	989.75115	1000.904	1018.7275	956.41425	1332.1431	1290.11175
NDE1	512.7924	706.8285	936.9812	706.8032	216.38365	331.0723	388.8387	484.9654	825.2882	509.1886	328.7662	660.89535	494.1039	566.1163	406.4361	327.5018	422.0138	239.3652	235.34725	238.9885	316.6084	365.5281	560.02365	594.63705	403.67695
NDP	4.45045	19.7341	2.7986	6.4325	0.9248	1.1601	0.4742	3.7175	5.0621	78.385	37.552	5.90265	109.02875	9.6253	44.2478	182.0425	3.8813	1.8838	2.0037	2.90785	2.259	2.792	147.61685	8.09715	528.77495
NFATC2	14.4943	61.6143	13.2832	69.7451	45.5923	99.4475	19.1847	72.568	30.1212	138.2141	26.4708	80.59445	26.9363	73.9726	138.2674	31.3531	92.6829	69.2608	54.41935	46.4668	107.8431	170.1173	57.4678	110.30135	40.4511
NKAP	391.9322	387.0966	401.2563	439.8361	404.0024	296.9993	278.2534	390.7057	373.0985	308.1001	353.8296	507.0952	279.70335	351.3655	329.2484	525.2913	304.2143	344.0575	276.82835	286.003	357.1429	347.7427	341.66825	310.0321	380.12915
NOG	2.4578	2.89635	2.37685	1.387	1.74075	14.6569	3.0411	14.5063	5.0468	19.4471	6.3189	1.43755	36.85715	5.3004	6.291	7.5908	3.3543	9.1582	7.74605	9.54585	23.198	14.3655	14.8241	3.94005	13.7379
NOS1	0	0.31585	0	0.6192	1.0347	1.833	0.3181	1.7596	9.8395	4.1265	7.9428	0.79125	3.40635	2.1708	2.6233	1.4134	6.2959	40.6265	154.72745	206.17265	55.0373	58.2233	59.858	49.49715	5.0348
NOTCH1	1469.4509	924.96305	2347.93935	2626.4226	748.66755	1653.2432	667.2139	1106.1277	1782.5774	1452.3456	842.4487	2858.5521	1618.1747	1955.5113	1573.4187	1321.1221	2273.2783	1180.4704	1049.6667	1416.3246	2383.0393	2261.7219	1589.8733	1905.3096	1580.4151
NOX1	3.691	0.94005	1.63535	2948.2168	0.67485	0.618	0.9285	4.6419	1.0755	1.6766	8.1235	3701.47785	6.943	6.2712	0.4085	0.5483	2251.3868	0.9186	0.71225	0.578	1.4595	1.7741	20.63385	2438.88995	2.07095
NOX4	34.5205	165.79325	30.0113	25.091	551.026	548.15	590.4742	67.257	85.1538	76.2941	25.8912	36.8111	66.1937	16.5005	91.3674	171.7314	2.3497	302.3844	1075.44445	1745.0769	28.3465	33.6601	5.02235	8.3985	78.1259
NPR3	3.3038	24.25165	17.42305	3.5591	146.6075	641.9482	135.4633	54.3089	91.3059	26.3107	69.209	3.6691	25.9422	9.5694	107.3338	14.8047	11.6439	347.7292	1033.5224	1133.0032	189.0756	196.2485	101.4877	33.1664	51.2268
NR4A1	1286.91185	791.59585	820.4502	1836.5883	5982.86495	2232.5296	458.8139	1707.8025	984.5888	977.6015	6655.262	1565.5051	1145.71235	34395.3353	4899.0097	4473.8516	1303.409	8616.8097	5831.3677	10311.0863	9471.8028	9281.2065	9861.4127	3249.87455	3187.6735
NR4A3	84.232	59.6205	54.2098	50	127.38365	208.4534	34.9727	118.2876	95.2018	45.4147	148.9148	51.92535	31.4504	2154.7282	266.387	529.703	59.0737	488.7279	675.6815	960.80645	1023.8095	1362.5856	387.59615	338.996	145.52215
NRK	23.8636	51.1742	3.20365	6.3926	23.3094	5.3743	7.4467	46.2653	20.5899	55.3326	45.4006	5.90765	2.9317	68.3141	74.4822	109.1158	12.1402	842.0922	1061.16645	902.7236	11.7647	9.4563	157.4896	49.01485	70.39505
NRP1	942.94395	1890.3058	807.03065	752.3975	1271.82245	10158.9847	3667.3885	3410.4478	1342.7181	991.4227	1538.8967	703.56395	1330.8185	1657.2438	4041.3618	3166.6667	1095.6389	2620.6369	4110.99165	3359.27475	4135.9447	4523.8561	1443.7973	1133.4478	3844.67125
NRP2	450.42565	864.20565	647.64975	461.7769	389.70745	1411.5044	254.2128	1267.749	1174.5152	1194.7047	320.207	621.14655	703.7838	992.7212	1058.8737	3976.2376	589.9066	269.181	386.13665	321.909	1920.1807	2039.0341	775.39105	1527.29655	2441.77035
NTN1	70.4789	321.089	326.0156	79.0976	3581.2331	38.8751	20.1944	195.6863	596.0452	698.2002	173.0981	73.69305	881.2263	532.0378	371.0317	643.7286	499.4331	186.1011	185.21625	216.61625	326.9028	388.1322	404.62915	853.67165	1076.365
NUDC	2879.8824	2097.89295	2922.12815	2343.3243	1459.0721	1740.2291	2363.7176	2179.2596	2000.5617	1997.5719	2530.031	2325.15785	3123.84215	2399.6834	2373.3292	2455.3804	1671.9325	1869.9354	1919.67435	1951.4547	2080.2469	2059.364	2586.24275	1937.65765	2620.23865
OCA2	0	0.4491	3.7282	4.1397	0.3739	12.026	4.4697	3.6454	8.0652	30.2813	2.7615	5.30435	22.069	2.412	9.9921	3.9604	3.5325	15.1875	12.3184	11.2667	12.2508	12.2395	12.39495	4.81495	6.84675
ODC1	1285.60695	789.12	2008.61715	4195.8414	888.105	2072.4627	4510.5036	2305.4162	4257.8832	4381.8919	6320.3633	4428.5855	3230.78065	3009.7059	1201.6129	2591.4191	2040.4192	3936.7312	3188.9529	2931.8897	2571.3321	2748.8614	3672.2733	2948.88025	2476.4434
OGN	4.35255	183.4444	3.2346	17.8899	2.4626	16.6077	1.207	53.281	18.5665	64.8272	462.8259	22.5777	7.91335	1350.2922	2445.3413	2882.6855	635.9223	160.3579	180.76405	123.42345	550.9372	566.1151	1098.083	1366.5998	2837.99355
OPRM1	0	0	0	0	0	0	0	0	0	0	0	0	0	0	0	0	0.401	0	0	0	0	0	0	0.885	0
OVOL2	209.31095	262.63225	233.4238	225.7504	5.3334	0.4129	26.3881	181.5774	127.0825	366.1485	234.3215	209.55735	328.82555	92.1283	140.5906	3.5336	315.0832	61.5077	47.0696	49.825	107.0922	90.6271	193.3805	220.227	94.96015
PAFAH1B1	2300.5363	2853.90865	2678.73715	2188.8964	2736.11045	3349.0328	3481.4632	2582.0151	2623.3471	1870.158	2288.465	2125.99045	2040.43605	3430.7158	4208.845	3759.2872	3516.3501	3441.324	4264.92805	3607.0149	4077.573	4007.9051	2852.5568	3583.25235	3052.94595
PBLD	103.6093	155.66965	75.4107	351.6636	179.9418	1571.831	782.8874	146.5081	71.3463	118.8286	225.4315	300.6831	191.10825	185.8054	209.5588	92.5795	1969.4042	2019.0406	3124.8452	3989.66195	107.0872	109.8283	197.118	1006.5514	200.0564
PCM1	1576.46365	2957.41935	1917.08055	1761.5879	1869.4118	2389.5022	1720.6241	2193.3257	1470.9117	1235.4554	2051.5169	1539.3402	2347.36505	2897.0464	4194.6024	2548.8449	1816.5434	2512.6575	2908.83335	2470.21035	2873.065	2851.4555	2852.02195	1967.0045	3203.77145
PDCD10	797.78025	787.3642	1186.46995	811.965	748.45815	491.7127	556.9462	675.8105	1483.8065	1084.4444	563.9977	860.90225	466.4125	0.3438	0.4615	0	0	0	0	0	0	0.2697	0.3413	0.17595	0
PDGFB	412.7449	813.2589	218.5846	289.4654	359.23275	1339.8909	301.5407	406.2054	454.2276	509.0058	230.6817	327.64445	437.96645	306.1036	793.0269	704.2904	176.5766	1246.9524	875.5657	899.9116	1241.5966	1520.1199	249.8819	254.44005	594.29605
PDS5B	640.37435	1022.057	832.39225	822.7695	505.1091	767.1946	461.0778	599.6286	599.3462	592.0471	917.1401	1035.90035	518.0505	864.4239	1208.9608	1157.7558	679.0679	816.7429	1022.52515	740.9135	893.1234	833.6286	1147.50615	817.1736	1456.3315
PGF	281.11595	155.34025	300.39725	146.4893	170.80625	1428.3657	58.4615	161.682	496.5492	87.1175	71.3472	170.4613	95.86675	182.8303	172.3226	183.1683	71.6633	130.4563	98.358	109.34385	56.7237	85.4229	224.71925	59.45695	188.3807
PHF14	857.1119	1043.50035	742.05705	964.3575	504.13805	683.6775	668.2189	805.2577	824.7423	770.4082	900.0485	1194.8963	841.0278	729.8041	911.2486	815.5477	544.8854	527.4199	607.4672	519.9017	628.2625	622.0904	694.70335	566.87355	879.63755
PHOX2B	0	0	0	0.4029	0	0	0	0	0	0	0	0.524	0	0	0	0	34.1837	0	0	0	0	0	0	59.0758	0
PICALM	3164.8235	3398.89375	2733.7937	3097.1199	9906.5374	6247.9062	5306.098	3903.3349	3469.9766	2845.3797	3251.683	3160.95645	2304.07635	3707.9108	5078.9253	3544.3454	3423.609	5278.2481	6875.3755	5421.1048	4075.6041	4362.3277	2839.84335	3275.6896	3206.3049
PIK3CB	676.04955	1050.6515	973.86545	1032.6042	791.10395	1387.3013	1146.6437	881.0217	1002.1082	879.4207	1150.8457	1108.58385	575.028	696.793	1100.9434	583.3922	1220.1789	1284.1942	1700.48065	1397.8279	850.998	804.2578	1099.7554	1203.2674	512.27215
PIK3CG	26.77135	75.26545	25.63175	42.1607	32.6454	173.2326	36.9212	131.4295	75.0682	60.0616	21.2373	33.60475	21.21845	48.4728	103.278	31.8021	174.8072	41.0948	72.55865	41.5711	262.226	289.5	34.3607	204.7772	28.5625
PKD2	441.4912	528.94285	365.2991	298.094	980.8862	2488.2409	2958.5148	617.3694	603.8685	439.8734	628.7925	319.8052	529.0153	0.8293	1.0703	1.1131	0.5952	0.6461	0.67235	0.4483	0.6189	0.7629	0.77905	0.40275	1.04615
PKN1	1973.9531	2511.6883	1468.26055	1665.6767	3077.0387	3587.1837	3645.209	2690.3138	1945.5017	4812.8689	3892.2474	1640.77425	3178.7932	2415.8692	1601.3739	4019.1912	1246.3768	2650.2136	2029.93495	2447.83245	3355.7289	3475.4444	2250.2749	1696.13835	3549.46355
PKP2	390.84175	397.5651	410.3799	2559.2484	382.01715	334.0122	181.6891	182.145	432.9378	1558.4821	505.9	2248.31185	667.45745	220.4515	650.8601	185.5124	4519.2281	255.7968	330.3466	331.5975	73.9372	85.6069	661.37385	3765.806	276.499
PLA2G4A	219.83345	53.61415	171.6403	110.1695	276.6921	87.2236	65.3892	533.9498	260.6692	153.7255	152.8425	75.0628	353.0918	740.8219	328.1518	322.4126	217.2867	322.2231	279.8589	181.26925	222.839	229.1262	321.0133	325.9042	476.2971
PMP22	801.36625	2615.4003	414.92255	830.2708	208.3241	1732.7124	966.2072	1442.3065	1081.9855	619.1457	551.2821	806.5329	401.03095	4628.9753	4480.3754	6081.4256	1417.3995	926.5811	844.27935	692.8954	3504.797	3927.1297	1095.807	2558.39125	3558.3474
POLA1	407.57125	532.34065	752.92855	586.5647	311.3062	329.5759	209.8458	321.1144	490.8452	382.8918	317.7856	720.74345	342.71625	345.5627	474.2063	314.8515	327.9038	255.8799	327.8677	252.5597	283.195	307.2525	369.67085	407.94215	345.10375
POLR3G	46.1324	45.85945	112.9341	100.2571	26.3714	33.7527	26.6746	59.3583	87.3502	50.1146	29.4592	85.12395	38.1005	39.4118	63.5063	34.629	30.2803	24.1128	22.03435	20.6225	45.3278	40.843	30.4846	49.68525	37.8488
POU1F1	0	0	0	0	0	0	0	0	0	0	0	0	0	0	0	0.33	0	0	0	0	0	0.3009	0	0	0
PPARGC1A	4.9148	18.6432	14.95955	223.6864	6873.88175	606.1972	1923.7511	58.7473	36.4703	10.0647	65.4206	198.9435	16.34105	114.6345	120.0423	56.1837	873.9543	2720.4155	3278.27925	2928.9523	291.4894	270.3979	286.2753	807.0824	75.68625
PPP2R5C	1709.6861	2082.3864	1957.12565	2295.3368	2113.94265	1608.542	1307.6195	2197.0317	2223.6748	1873.6607	1687.6194	2306.60325	1705.8001	2260.2041	2414.2591	2435.3135	2162.6214	1741.3809	1899.8041	1642.321	2479.578	2414.4996	2048.8466	2653.1287	2370.75865
PPP3CB	891.63985	1294.6058	784.6634	763.7993	698.24105	931.1197	795.3534	1013.0597	954.0993	987.6289	1279.0956	745.3955	902.08605	1586.8877	1681.5192	1989.3993	971.172	1215.9779	1259.9205	1108.83105	1133.7868	1148.5598	1707.47125	1425.4765	1665.25685
PRDM1	351.37775	348.642	596.65375	439.0661	140.51615	775.3721	96.624	546.4481	730.4863	233.3333	139.2613	463.73865	298.80625	36.4397	32.7795	46.2046	17.4805	38.4539	36.2966	37.57095	28.4178	32.3224	43.8696	25.3161	40.4541
PRDM4	760.51945	903.0733	710.036	1036.3533	2875.9431	925.9988	989.3866	709.9678	789.909	812.9883	688.4021	1072.76535	749.9694	693.3432	857.0096	862.8975	968.8322	1109.7174	1211.0256	1190.69035	772.0287	807.3751	708.2902	886.79555	847.61395
PRG4	8.4366	43.75525	5.66725	4.6639	1.25095	4.4065	3.1895	65.3628	13.6841	10.4278	7.0642	6.6127	7.72165	16.7553	299.7683	33.3993	6.932	2.7644	2.83535	1.82075	684.6233	713.7455	2.57095	6.80285	5.59855
PRKCH	803.45575	667.1862	737.7196	256.7365	784.29215	1144.2039	164.9869	701.7233	902.0515	280.2454	1006.8866	272.25945	446.4395	1123.4244	1076.4538	1216.8317	348.4743	578.0466	577.10825	477.75795	1547.5177	1722.5011	895.1962	347.7452	803.47095
PRKCQ	26.19135	22.82565	84.54435	66.0759	32.3528	128.9389	225.6422	72.694	72.4617	251.5688	18.4011	69.9546	141.2885	56.8486	38.7597	47.1556	48.4211	549.9453	487.58175	419.03035	294.2561	283.4794	33.7582	59.6284	196.10015
PROX1	2.81985	5.0085	1.3556	161.931	5.14275	5.6634	1.9305	15.1926	12.6422	2.9985	6.4486	207.76335	7.434	26.0492	57.6923	4.3866	53.2495	190.113	206.8721	74.7801	16.3896	21.5779	12.22645	56.4648	15.91815
PRRX1	278.02785	1711.3453	422.026	225.7301	56.54965	164.695	11.0612	621.3389	808.1705	253.3572	604.4588	246.1166	521.36105	679.2829	2034.3547	4227.5618	102.6352	67.1025	70.79505	43.2985	488.189	607.2826	1032.77525	225.53315	3385.546
PSEN1	1701.46715	2056.8844	1848.43455	2030.4721	2130.6967	1645.0286	1991.5749	2038.8087	1787.0516	1616.5735	1822.4044	1977.4724	1710.8407	1461.9178	1873.5294	1430.5689	3362.8353	1838.1962	2078.28775	1859.17385	2103.537	2076.8776	1837.78785	2862.24675	1480.78065
PTGFR	19.30645	26.2305	6.1722	26.5668	5.302	38.5754	22.4375	25.2207	21.8101	5.848	45.4401	37.09925	4.4597	282.1705	267.8937	833.9934	66.2275	200.6639	298.33285	250.20525	174.5363	133.2725	92.3023	116.07445	354.2926
PTK2B	705.0208	578.42	987.31255	1032.9425	1695.7979	609.5837	701.4189	997.8575	1069.2723	505.097	1240.0503	922.631	522.90835	914.2743	673.9492	713.9136	2572.2086	924.4567	933.5567	1084.73975	1646.0708	1796.7877	1375.77685	2060.8061	633.391
PTN	216.72935	158.84675	105.47735	35.4906	139.27325	206.4764	96.6363	81.7512	362.5828	317.2975	847.6929	52.7493	196.13445	655.477	2337.8924	2748.5149	208.0444	412.5995	371.74505	406.0021	305.6518	309.2248	2204.8351	469.0509	1294.63595
PTPRC	240.39585	753.6627	495.51935	414.3616	284.3877	1530.6312	410.7143	1338.3602	847.9641	380.3318	277.2574	354.67585	231.41265	595.8005	702.8266	332.0132	1062.8544	188.4431	307.084	271.8156	2795.4438	3307.7357	373.09555	1089.99125	313.7939
PTPRZ1	4.28855	8.11205	310.3497	1.7921	0.3923	0.9002	0.2297	27.8989	1909.837	1.3822	19.9307	2.14	0.9676	54.7059	294.592	7.2607	35.6374	6.554	8.704	7.86725	32.2129	53.6913	84.1424	120.3651	3.07255
RAB10	4219.23855	3635.1027	4375.97845	3981.4815	2872.3159	3174.8299	2843.1619	3445.5959	4940.7143	3934.194	2910.8378	4295.88655	2904.94775	3532.563	2904.2461	2097.1731	4040.2584	2955.698	3300.03295	2744.8734	2668.8269	2784.5706	2976.8137	4540.9262	2475.1324
RAPGEF1	1332.564	1637.33425	1367.65965	1719.9815	3339.8748	2989.8759	1901.5974	1941.7476	2040.9835	1839.4866	1536.0581	1666.1491	1375.2331	1833.4247	2446.1596	1898.2332	2338.2763	1969.4172	2097.20535	2379.51	3485.5932	3630.4139	1658.32135	2169.4232	1964.4145
RAPGEF2	421.5067	642.8268	361.10505	864.0322	2266.36335	1566.6009	1026.2678	821.763	402.2898	407.491	751.6117	898.96805	581.60465	657.5139	1340.838	752.2968	1077.4213	1072.0363	1357.0753	1286.76015	1549.122	1556.8627	711.2332	1163.917	754.8214
RARB	68.21235	101.2635	152.7735	42.0494	443.05215	336.7155	208.9724	113.0779	248.4276	129.7052	205.1717	52.99235	107.54585	338.6301	310.6682	262.3762	62.7645	538.2197	485.6806	376.65175	193.2773	205.6534	401.16805	95.5459	275.43925
RARRES1	799.3841	272.5857	300.27835	292.0321	40.55935	96.9969	223.5878	399.4749	434.5328	491.0131	322.4156	341.8152	156.7194	385.8268	855.4981	228.6219	827.9837	141.0605	148.3666	114.45665	373.5168	466.6439	725.88915	716.40305	299.5543
RASGRF1	20.2026	20.5685	13.47945	11.6059	3.7635	9.324	15.0317	126.1307	31.163	13.0895	6.6651	14.5605	45.56455	8.2503	17.5707	11.2211	11.1935	10.5671	15.3964	20.6416	1317.3432	1229.83	22.7758	14.3388	111.60885
RBPJ	521.519	631.527	421.7202	435.1	681.12315	804.4175	424.9346	761.9844	516.7822	636.3963	615.515	478.78235	725.88365	0	0	0	0	0	0	0	0	0	0	0	0
RC3H2	221.47345	420.0587	288.3975	311.9891	439.6147	409.9619	180.1415	317.8294	416.7857	366.2252	264.674	368.81915	237.24845	327.7385	616.5011	152.2968	297.1181	442.3676	620.8568	484.6114	372.6813	418.8462	341.79055	345.1335	169.9952
REG1A	0	0	0	285.5022	0	226.5552	39.4737	0	0.6551	4.9915	0	301.47735	2.54605	0	0	0.7067	7.7577	2.2183	10.0151	22.7697	0	0	0	2.7663	0.2297
REST	157.70635	392.8892	160.4848	232.9303	421.52895	303.3708	172.7479	252.4744	293.4495	696.7766	232.0197	249.52105	209.99435	265.8824	465.1998	107.0671	238.4044	427.8768	523.14895	413.2127	254.9899	278.2184	366.9894	268.44975	160.46935
RNF43	274.9668	512.77825	505.2829	5673.7887	334.57685	74.8705	287.6946	754.5003	747.9726	795.6136	1016.3043	6250.3755	562.5385	2053.5294	1936.2385	2090.7591	2327.737	2083.3718	2099.2952	2426.2945	1962.4311	2108.6496	2433.5563	1896.1652	2449.3508
ROGDI	593.28215	766.5877	734.9367	327.7559	1006.3239	433.0309	908.7695	576.0695	555.0893	530.5627	968.763	315.73485	830.83145	630.4443	313.2162	428.7129	608.0082	845.2663	614.8453	977.9053	612.6221	580.9072	883.64285	621.00925	415.0187
RORA	116.45715	314.986	236.04735	106.5271	406.88785	1118.6676	530.2594	338.9791	502.907	180.9262	302.5712	134.1944	126.98695	447.4313	607.3341	505.5517	198.0151	625.3246	821.50265	683.2474	918.5868	827.2913	399.18915	246.07085	457.7403
ROS1	0.6276	0.5917	2.70005	1.5395	0	0	0	911.921	151.1437	5.1234	0.737	1.2921	2.21985	0	0	0	14.7002	24.5995	19.88575	9.6358	2247.2036	2447.3459	0.9903	12.2158	0
RPGRIP1	6.92235	10.1912	1.6978	2.1598	3.30615	7.6253	4.4785	16.7364	4.4	2.876	8.6092	2.5615	5.31215	89.4118	177.5374	120.1413	53.1809	128.8239	168.89945	136.12775	77.367	89.0005	139.9735	70.5584	142.85885
RPRD1B	981.2238	915.1377	987.0835	1058.1146	770.14005	737.5051	712.938	916.1074	1104.9317	1144.7674	980.4481	1383.53755	529.4174	882.3529	850.2674	766.5524	803.0615	787.9839	879.86515	802.6092	756.924	771.3889	891.92425	817.4894	869.3008
RPS6KA2	467.98815	726.6266	408.0199	535.5269	1221.8756	1470.2745	906.1662	2351.862	660.2092	821.0526	1532.5423	530.0139	911.29155	1796.9925	1581.0811	2756.1837	601.2718	1541.3878	1547.7532	1582.1673	4450.4332	4600.8521	1600.48305	754.1424	2141.171
RPS6KB1	738.948	886.16465	809.1109	589.7752	367.41065	723.5002	579.4512	804.0042	818.8055	526.1838	800.7712	611.89145	537.7996	768.2171	997.0792	776.5677	492.2078	510.387	579.39585	468.85625	629.9213	618.3142	714.69655	623.584	798.03575
RREB1	819.99965	1190.4375	1067.0642	1297.4052	1205.2224	1004.4097	1071.7034	1269.0058	1223.7674	1559.2321	1095.2646	1253.03885	1324.86645	780.3799	1369.1932	461.7162	2055.0763	1041.1313	1107.50255	1288.95195	1257.0988	1204.7912	1080.3291	1701.08425	703.02365
RRN3	1021.74285	1622.0817	973.08155	1292.6438	1536.70095	1072.7092	1106.9732	1073.8176	1047.823	915.2646	1260.0686	1433.8965	904.4431	1172.6027	1353.9652	1048.9376	984.4864	1036.779	1031.6943	858.3333	845.6325	866.0683	1253.5569	1123.39625	1153.4421
RUNX2	268.90015	333.99325	242.542	158.1451	33.1997	184.3487	96.9604	304.9442	329.8464	245.4844	158.1842	180.26215	98.3024	201.1952	170.6774	93.3993	147.7215	51.2904	52.5654	42.22735	117.5779	138.9076	252.0394	146.8435	76.84395
SCIN	116.3406	89.71925	76.91265	200.8785	10312.30755	461.1701	3886.4382	480.9295	105.6138	76.9795	248.5591	226.06105	97.70685	479.6055	95.326	42.0495	1654.415	5086.8968	4448.8082	4157.36015	270.0077	240.7259	186.8601	884.13335	72.5163
SDCBP	2844.64905	3254.66725	2450.38265	3804.9075	2342.4757	3864.9978	4004.3516	4326.3969	3430.4058	2915.0556	2855.0391	3943.943	3248.34725	655.7725	57.6508	195.9769	5718.4846	153.5311	90.35525	94.02775	163.4063	177.4375	89.5563	4575.1033	71.06365
SEMA5A	1308.6074	632.39855	156.88835	1114.2163	432.04755	1303.2612	2051.9691	294.6794	270.1597	308.5509	202.3102	1245.1711	481.34565	968.0303	2326.9841	981.9788	1586.6881	1374.8678	2535.32855	3067.65725	2991.334	2318.0169	542.71835	1511.15765	1400.7108
SERPINB3	91.57325	0	6716.76365	0	0	0	0	6.7555	862.727	0	10.6009	0	3.62125	55.7769	0	66.3366	0	0	0.5289	1.16655	8.25	34.6073	36.6989	0	0
SESN1	406.7586	559.3845	368.0322	744.186	458.62135	660.4692	554.7734	344.9883	392.9363	305.2878	1072.6392	1311.12095	388.22015	548.4805	1089.9074	1030.843	635.9223	488.7279	587.08795	485.3939	1303.1496	1098.454	1225.3703	650.7724	820.3536
SFRP1	58.5783	662.63555	514.2977	14.8017	27.8159	65.1319	26.6611	33.9693	86.5674	217.756	1474.7095	26.77465	496.6287	1228.9513	21295.2418	8784.4884	887.5287	8763.6157	10135.52035	9087.87645	145.9559	153.2715	1897.80105	1537.6866	4523.78985
SFRP2	729.38195	8491.03995	495.37275	547.2496	163.20375	234.7008	19.5775	1846.2582	3034.4828	255.8643	686.0808	421.6838	94.06785	5741.7209	5245.509	798.355	2033.9623	83.5848	96.24605	95.32605	889.5582	1141.3365	765.0598	2942.01455	23.9251
SFRP4	264.37755	1525.8464	367.75595	381.5514	39.3092	167.9428	96.9657	930.8237	585.8489	619.0607	1017.5047	536.11505	694.37645	749.1703	2574.6151	11743.4629	55.6098	84.574	113.4613	105.11295	508.1664	539.0156	399.3881	102.2356	12918.13205
SIRPG	23.5494	22.6339	43.60025	25.1114	3.543	52.3562	16.7131	54.4649	39.7494	17.3128	12.7011	22.04155	26.67075	43.6081	137.0558	42.9043	59.1317	78.8025	92.87005	88.99515	808.4721	728.2576	42.44195	49.11225	36.8802
SIRT1	375.94025	681.0337	426.61995	495.1204	315.1428	665.7459	392.1335	573.3445	392.8981	494.2104	650.1901	531.5366	412.42415	29.3251	11.7108	7.7739	62.0592	2.4768	3.53285	3.86545	16.2539	28.0716	12.591	39.69615	10.52745
SKAP2	922.08265	537.4191	709.34685	1004.2033	1818.28395	2046.5495	2206.3915	1236.3654	932.5939	411.0231	666.5444	1056.61715	266.5496	1492.2833	1366.3102	360.2467	1580.4432	1670.4888	1898.34425	1498.22665	1550.1302	1546.2822	629.784	1553.6946	401.7261
SLAMF1	12.5832	22.85695	22.9652	22.9856	1.9393	30.168	10.9398	56.265	38.4994	10.2528	10.9025	21.71645	13.00475	24.407	23.4198	9.571	75.1935	5.4666	7.69845	9.70785	46.3368	72.3898	10.9503	47.8708	9.74435
SMAD2	1508.59755	1885.2359	1764.1018	1182.8776	1964.837	1561.7985	1256.6514	1600.1484	1958.4309	1632.9018	1393.7008	1093.4557	1540.62655	1701.5222	2305.4729	1484.0989	1562.3754	1610.4945	1893.2178	1530.06325	1959.4415	1862.4408	1635.5103	1687.95705	1672.44955
SMAD3	2235.6246	1124.30535	2274.40335	1107.4351	2895.9815	1615.7391	1963.5182	1423.5518	2328.5624	1052.48	955.4307	1057.31055	784.3275	2600.8772	1684.0598	1735.9836	1467.1576	1650.4884	1802.44515	1722.78	1534.4624	1577.6758	1394.2489	1205.75705	1734.67715
SMAD4	1104.5838	1452.26145	1278.2423	1012.632	1868.52825	1694.4512	1402.9364	1380.9971	1416.0601	1620.5124	2313.7909	929.90195	1335.21435	1582.9832	2211.8003	2360.0132	1567.9439	1796.9448	2117.86395	1780.754	1915.0753	1770.5895	2743.9363	1587.2559	2367.9624
SMARCA2	1506.47225	3038.1909	1697.11115	1822.6313	2432.4594	2255.5189	1831.4286	1493.0793	1689.0282	1088.6371	2959.8071	1998.4509	1169.5166	3204.3836	5275.2358	2774.2574	2367.2982	3577.6472	4330.57925	3604.8689	3201.81	3256.6341	3482.99275	2535.38705	3582.6158
SMARCB1	1945.4086	1425.0012	1932.58475	1809.1806	1947.1278	1414.3216	1694.6183	1434.2714	2325.7135	1833.0595	1673.5978	1706.2095	2596.6311	1585.3727	1106.4804	1392.7347	1603.0407	1467.8183	1229.631	1401.89005	1017.4639	1185.7816	1561.93885	1561.2174	2213.928
SNAI2	486.4683	371.3384	671.41895	115.8157	59.13725	225.5193	26.8184	144.8563	1030.8466	180.1159	173.2169	125.8137	103.21445	626.3014	732.4159	1213.4339	170.5259	241.1011	254.93815	180.90755	193.7775	235.1049	696.6509	163.39605	765.7066
SOX4	3826.24745	3810.933	2147.1082	3028.9289	980.8854	1535.0422	3729.7671	4510.3123	3276.9246	4073.9681	2412.0668	3499.4562	6453.464	1043.0756	2510.5432	1720.462	1000	2702.7122	2035.89475	1586.33705	1426.6427	1350.203	1251.8569	888.5255	3745.3183
SOX9	487.22435	1738.6466	1103.9761	4944.95	462.4944	1053.7849	2964.6563	421.193	765.7014	1604.1585	2323.9961	5286.9052	1594.44425	155.1037	2634.8398	126.1484	1526.2055	573.9284	704.4628	618.70245	275.2101	267.3611	2293.04745	1258.3153	581.80315
SRRT	2602.29725	1926.70665	2848.61675	2492.831	1215.76815	1362.2712	1565.4121	1713.0987	2217.477	2089.12	2315.4412	2352.63385	2877.3614	1968.8995	1292.1739	1598.0198	1682.7697	1477.406	1185.63185	1421.91225	1114.094	1200.38	1821.30905	1551.7782	2098.2955
SSR1	3460.55485	4296.42425	3396.4342	3747.299	1457.631	3630.0288	2892.3661	4403.5125	4634.5758	5019.6168	4389.1106	3825.17115	3849.6708	2551.4241	3746.1476	3185.5124	2993.8685	2677.0936	3606.42875	3102.37765	3110.7011	3160.6145	4116.7783	2959.8317	3374.05925
ST8SIA1	23.45145	64.0345	21.46125	19.0723	4.88395	34.0807	8.5792	55.4471	53.8546	28.7979	111.6565	20.3951	23.9562	256.9278	235.6699	110.2473	60.8538	22.7812	23.8687	18.98045	111.6436	123.1781	276.56205	174.4765	174.126
STAMBP	776.1867	782.9252	840.80375	792.8894	417.8093	733.0677	735.9683	775.1747	984.0155	1043.948	940.6176	841.6459	674.69385	607.0441	655.1418	741.3428	795.5361	716.4495	730.0733	659.123	533.4581	549.5179	888.52125	789.3345	640.6021
STAT1	4281.9378	5590.4694	7433.46275	3708.8751	1521.16825	4990.1268	4252.0446	6651.2852	6587.6109	6021.1783	2949.3566	3766.70555	3031.1123	2713.4588	3160.9487	1562.7142	2509.1265	3538.5409	4139.96815	3140.6716	4371.4609	5183.9585	2968.45335	2756.39735	1794.5202
STIL	321.4029	280.8979	689.4261	469.1555	36.3684	73.8676	71.1506	218.6955	382.2775	494.0846	140.4282	456.80425	345.58145	49.6874	77.6456	25.0883	221.2205	45.8583	46.03855	32.9288	39.3701	40.2397	66.6791	206.94135	47.4072
STK11	1427.40735	943.1007	1189.07615	1303.5232	1667.6986	874.4359	1046.2711	837.3206	997.67	906.2615	1261.0767	1196.75235	1496.48055	1184.4961	742.5131	1313.7766	1336.2313	1164.7275	804.66775	1148.42965	905.0783	850.0031	1048.45855	1045.2365	1494.3355
STK3	503.3203	614.4277	560.728	366.333	904.11455	411.1878	351.1803	569.0531	571.268	677.5148	542.6108	437.50895	421.31825	1839.8167	1278.5992	1086.7718	2614.8562	794.8241	896.9466	904.2838	1122.5364	1099.424	836.7087	1906.2633	1032.5824
STK4	1020.08375	1054.7926	986.67935	1301.2152	722.63355	1128.2051	744.0152	975.9259	1053.2646	991.3438	598.463	1647.9863	724.14705	958.5084	945.2383	583.7456	995.3294	528.2175	634.2519	556.83105	1311.828	1408.4893	722.67445	982.11485	672.57575
STRAP	2144.7565	2454.95755	2057.23205	2751.9154	3565.3858	1819.5182	2134.7985	1963.3714	3236.1929	2255.7744	1802.3957	2981.69485	1915.06015	2069.4645	2207.7799	2434.9835	1838.9474	2449.0247	2525.8503	2301.79625	1611.4544	1666.046	1794.6079	1922.975	1847.96435
STRN	185.77885	402.3322	236.30865	371.8569	232.72355	296.7693	191.3097	283.1956	426.1453	359.3009	210.3632	409.7287	144.4794	285.0941	550.8704	65.0177	367.323	388.664	482.12185	350.00505	280.0331	307.4308	265.52485	454.30555	95.8198
SYF2	1275.4545	1060.1513	1283.62325	1180.2092	893.1906	1225.5306	1148.9977	1057.377	871.7649	1166.9657	1169.0613	1283.665	964.2826	1390.6849	1333.0787	2345.1679	1318.3038	1292.4251	1214.475	1048.8837	1099.0691	1062.1118	1176.1997	1469.89095	1978.28475
TAC1	0.3778	1.5014	0	8.6639	0.3726	0	2.6099	0	0	0	8.619	32.53135	7.5624	8.2008	17.3327	26.5018	38.835	9.6585	7.8759	14.74195	0.7003	0.5076	10.5247	65.46775	6.3237
TACR1	8.749	25.4246	7.8236	3.3945	16.3117	20.5712	7.1188	16.8983	12.7556	40.3986	45.465	3.52185	26.9388	99.1637	367.8464	310.8979	27.501	71.9763	85.7042	55.46115	59.4766	59.5745	59.4125	44.54855	225.8119
TBX5	14.73275	52.9938	0	0	0	0.62	0	149.0814	93.1874	0.6013	24.8955	0	0	126.2366	92.5425	0.6601	0	0	0	0	488.4793	580.5104	103.2458	0	0
TCF3	2270.45335	1589.7152	2004.3804	2520.3965	1235.47475	812.3407	1125.7121	1521.0363	2079.1937	1986.54	1227.1429	2357.1336	3260.76655	1197.6624	944.0852	1005.6203	1405.7805	829.9953	590.9176	831.43965	804.5249	825.0286	898.8671	1291.1784	1646.70485
TCF7L2	514.10825	571.91645	474.4446	1090.4255	409.4113	624.5663	423.8149	632.9811	472.9997	933.9455	535.3696	1097.75965	609.4359	622.0815	1284.693	1232.1555	1780.5627	543.1557	554.11835	541.4188	852.2409	875.8394	615.21825	1649.48865	1009.625
TEK	70.28505	213.06115	41.92535	98.8875	236.12855	782.0513	55.8633	170.037	94.3914	56.5022	166.0996	120.9009	120.6978	223.4982	853.1725	1084.4884	282.8818	1998.578	2155.01235	1671.76695	2025.6835	1932.2506	260.70445	336.1	935.82735
TFAP4	380.23415	279.2884	457.93145	552.3662	180.0224	164.3995	194.8168	273.8693	395.8984	513.6307	294.9174	595.04875	360.35985	180.622	186.724	206.2706	215.5844	128.3341	108.3655	118.146	116.9135	114.5833	201.19685	183.04545	436.69305
TGFB1	1734.0177	1003.38905	1438.3439	685.1078	757.5298	2748.9273	959.6937	1495.6076	1908.6933	1402.507	580.1066	587.0164	925.39925	1529.6671	545.4856	1580.8581	794.1997	1026.7576	836.04345	936.13115	2068.1278	2344.9787	702.13905	742.24125	1514.3842
TGFB1I1	431.2187	480.8291	307.95625	423.4367	162.80745	638.8769	128.6421	395.2866	383.4669	622.5864	705.7986	460.10875	364.87685	162.5442	262.658	193.3993	177.7239	250.8603	228.46515	194.2357	187.3098	182.1814	216.81675	174.46935	243.44115
TGFB2	67.62335	307.12095	152.9734	58.8843	58.9073	205.9165	75.2862	270.0491	171.1076	332.8402	502.0954	99.93805	246.2124	1777.1676	928.3524	5679.8587	719.3253	492.2028	338.77275	443.09455	728.7963	841.8071	1666.86375	1974.3375	4322.3314
TGFB3	284.4691	1348.3516	285.38055	134.6405	177.01015	394.1691	142.7206	383.3904	521.5408	193.6073	723.363	140.9625	257.1663	192.6126	527.7631	372.6073	36.2567	229.6451	274.9186	162.5237	916.6017	749.2608	758.99965	97.77625	693.50215
TGFBI	2438.52905	2508.21925	2765.95715	14390.7942	594.92665	9283.0637	2471.384	3882.9114	4556.922	3013.3982	997.6172	18473.92685	2153.1006	873.4214	780.4526	1282.8383	142.4148	257.8373	187.02465	177.7854	439.2439	564.8542	2281.7707	241.9488	1068.1542
TGFBR1	929.75	1479.6713	1087.412	955.3528	1951.14445	1978.7041	1241.693	1256.4343	1259.6899	712.8435	1012.3524	1130.04245	852.71665	2363.0796	2396.8064	2317.4917	1935.0105	1195.6571	1352.2797	992.9422	3524.5518	3829.1641	1185.44705	2107.44645	2528.88905
TGFBR2	1355.7996	1806.7348	883.10055	2984.8101	3481.6119	6239.7399	2414.1092	3475.8679	1412.2807	1515.5853	1344.1896	3405.0781	918.7155	1303.9325	1783.0821	1724.0924	830.608	1561.5494	1972.4394	1699.67505	1424.6231	1431.8969	1270.40275	1121.71655	1265.7712
TGFBR3	662.059	548.1614	169.4885	390.2213	367.16465	912.6697	539.1684	219.9941	372.9016	594.7671	616.8937	423.08495	214.2723	4486.7491	9465.3649	5615.1943	3520.8748	5817.1956	7313.1031	6681.9838	12119.712	12103.2498	2372.5974	4279.02115	3235.2226
THBS4	10.06545	567.485	14.3432	20.5327	146.6738	44.5831	17.7061	47.5017	30.9626	107.5901	972.4598	32.3824	148.08895	21.2483	782.7171	245.6477	244.1343	32.9547	28.2356	39.2493	37.9302	36.6824	241.57455	1505.8665	336.0791
TINF2	976.04235	1210.81025	1298.1429	805.1225	1137.04835	1042.5466	939.6731	1108.4885	1169.0647	1213.8365	1313.9793	689.6473	809.17795	1227.2069	1222.5529	1638.9439	1049.7151	1235.912	1043.98405	1006.88145	1511.6537	1607.9573	1240.356	1063.92625	1221.4729
TIPIN	130.9866	103.88905	211.73845	121.2458	44.862	74.1645	57.9552	87.3118	145.8647	109.0909	63.8412	121.85475	104.9333	65.6067	80.6189	73.1449	63.2653	65.295	68.3305	50.7944	59.2593	60.0279	54.6323	87.1333	66.4319
TNFAIP3	806.8965	621.16135	1056.0961	994.2926	552.73	1469.4111	477.6891	1080.5403	1461.6878	836.8621	522.0854	1000.90045	700.3714	2409.8884	828.8521	1192.7393	1251.7419	534.5806	541.2299	491.5894	1948.3212	3155.8871	922.28155	1090.9325	851.3504
TNFRSF8	14.09265	17.4281	16.1985	12.5188	5.94315	19.2072	8.9097	25.0458	27.3363	31.1964	5.8976	12.8012	18.9448	15.5039	59.2726	37.4558	14.9105	16.5121	14.82715	19.75335	48.9108	58.2192	6.4281	12.84915	52.0709
TNFSF11	10.56685	13.81805	12.04955	48.1943	0.36345	3.3104	1.4026	16.7048	18.0472	3.0174	0.885	67.26555	9.4375	8.3037	4.0161	0.3534	22.1891	1.8486	1.72235	1.43815	2.1572	2.6464	1.9319	38.01315	1.40645
TNFSF13B	19.1729	69.9276	31.1282	26.4571	10.40635	91.5119	21.2183	109.8885	64.3192	90.4864	14.1023	23.7479	17.6388	33.859	49.6242	9.2409	45.2144	9.6585	13.7651	9.0767	143.617	157.9155	12.15115	58.8312	9.56665
TNFSF18	0.29265	0.98215	0.50325	0.8703	0.3355	1.9417	0.4386	2.2556	3.4033	0.9149	0.3575	1.30975	0	0.4219	0.9488	0	0.8019	1.207	1.47305	1.23425	1.7689	2.4346	0.43315	0.17595	0
TNFSF8	8.30435	37.6884	8.31375	10.7502	8.3769	72.7273	20.6654	43.7573	25.2125	34.1024	9.9228	9.91545	9.9161	22.128	31.3456	13.2013	28.7795	11.5566	13.55515	9.98595	56.516	70.7893	9.45	51.07415	9.2379
TP63	2578.82465	122.1116	4952.45785	3.5842	8.8485	10.5118	2.428	69.6532	9663.4745	15.4708	318.8635	3.92685	24.92	938.911	1921.8968	21.7822	7.1267	10.6933	18.3623	17.336	112.4744	184.2147	1705.3274	13.5749	12.5676
TRIM24	1181.88265	868.00405	587.2061	832.2581	470.6545	476.6728	493.2573	905.0894	833.5972	800.6843	888.1781	961.6396	695.9042	261.1643	502.2733	401.9802	159.8953	315.2518	423.3106	313.5391	336.7076	300.426	458.51785	244.13285	450.67875
TRIM32	407.42905	512.1516	403.7668	395.7086	299.03905	375.0837	261.2497	383.5526	463.3822	490.9004	345.4176	410.3443	427.76375	445.7735	517.2414	626.8551	343.1507	300.9661	399.4754	330.81205	329.5455	357.1082	379.81325	341.2555	613.5166
TSC2	1371.01825	1689.85335	1630.74485	1753.4297	1781.53135	1448.4499	1841.5396	1838.7622	1347.9265	3106.347	2042.3654	1689.72655	3082.8179	12433.7083	7359.3147	19215.9011	9151.1976	10984.8961	8553.3915	7452.24195	8829.883	8775.445	12544.92025	10702.3147	11668.44985
TTK	371.90945	218.24495	593.87745	432.2799	36.25235	32.7869	15.213	143.7022	529.1329	520.7544	51.2273	470.90905	294.32835	26.6592	31.9197	4.9505	177.4376	6.1828	7.40575	4.76255	13.1356	13.5856	23.8232	178.02045	12.2354
TWIST1	71.18755	106.383	49.2677	37.8803	5.31635	15.2618	2.0317	21.4913	106.1533	103.9312	157.4257	43.32365	76.29425	307.7725	301.4136	722.4422	13.1761	12.0562	8.60065	6.85035	6.1254	6.5986	50.2884	23.2656	436.7321
TYR	0	0	0	0	0	0.4063	0.8089	0	0	0	0	0	0	3.1937	0.8379	0.3534	39.18	372.6772	287.95485	304.72095	79.3184	98.813	3.002	38.01535	0.51535
UBE2A	1665.19905	1467.68115	1895.1268	1681.4242	1309.04465	1173.4505	1008.7432	1483.111	1774.8513	1208.2088	1000.7971	1783.06975	1281.44895	1237.9703	1125.9744	1139.9589	2139.6333	1329.663	1271.7798	1037.72115	1246.9797	1223.8579	1040.3075	1882.3496	1165.52045
UBR5	2146.013	3555.92125	2032.8562	1997.3281	1640.4669	1620.9003	1203.5673	2070.4961	2566.4424	2139.1482	2043.3754	2190.79135	1609.1416	2288.2192	3720.4684	2031.0954	1665.0394	1692.7734	2058.90335	1734.80505	1781.3559	1806.4645	2119.0238	1699.56885	1839.6066
USP13	231.69105	591.3816	316.93545	253.8525	122.66475	341.9093	222.919	577.9307	527.361	347.9335	557.7818	240.2232	395.4469	322.5761	747.9521	477.8878	171.8615	423.1815	529.4446	437.6516	807.099	736.0819	483.9958	331.967	507.1377
USP28	428.0704	487.09925	519.68625	505.8444	899.99525	424.1224	364.8558	571.5486	772.8289	1031.2393	468.7626	508.42055	527.30105	492.4747	565.317	380.198	462.8462	462.1652	489.99865	440.0149	369.6822	401.634	586.9432	447.5413	468.7172
UTP20	602.73125	757.8875	609.81485	868.9254	1371.3318	612.5	609.9663	634.3228	718.0034	512.7535	516.1631	846.66605	529.98835	482.3898	878.3605	510.2473	420.8826	459.8958	562.39455	484.12255	470.2336	520.2637	549.63715	424.3341	529.73665
UTS2	0.6192	0.705	1.08285	2.8571	0	1.1148	0	1.5435	0.7637	0.2759	0.5072	1.92175	0.75335	0.7236	0	0	1.1775	0	0	0	0.8673	0.8841	0.62175	3.58695	0.4791
VDR	619.9606	985.5067	1083.11115	2248.4908	3016.00185	304.71	316.7197	1126.0355	683.803	486.6303	98.0926	2022.5407	399.93035	524.1597	785.1298	97.3597	4597.125	830.6956	1094.50195	1380.2828	740.2886	825.5034	116.4998	2952.3661	72.16725
VEGFA	3785.7699	1752.18485	3408.07105	3102.4499	5010.9039	31532.841	915.1649	4628.7242	3823.1792	3988.2172	3058.5322	3129.628	2789.99575	2905.8824	1245.4128	4768.9046	1241.5507	2858.2381	2859.0328	3196.67975	4795.5579	4090.5572	5446.66475	946.58215	2757.6215
VIPR1	288.19515	251.2431	127.4159	543.9118	41.2482	26.3175	7.5959	214.3402	148.3146	76.4231	1436.0815	573.84745	64.8762	185.7534	529.6694	59.0759	2229.8123	41.638	43.2432	54.9263	2293.3413	2355.5849	1350.15585	1660.0808	27.8259
VIPR2	5.3935	16.57865	11.89145	10.5199	4.3246	6.1495	6.6701	6.83	1.7624	13.6981	144.3786	16.1754	37.5167	224.7909	64.8293	237.3762	47.3061	29.551	27.53855	32.0006	10.5514	10.6453	226.31035	119.9682	212.95715
WNT11	20.8231	34.65125	26.8288	151.634	170.5136	6.747	6.5917	24.1636	52.2023	224.6567	72.39	248.9607	150.838	33.8192	224.7227	74.9117	78.3941	91.8555	28.1877	20.60125	93.75	99.3495	87.0826	76.62315	105.82085
WNT16	3.19855	0.98705	3.1746	1.2453	0.79535	0.9923	0.6062	3.337	7.932	1.7757	5.2448	1.4566	3.0565	1.7498	0.8865	3.6304	4.1131	1.7307	1.76205	2.53675	2.6019	2.5	18.6645	11.8176	2.66835
WNT2	75.63195	167.63925	72.9726	135.7143	23.9205	1.5875	5.9472	137.3809	113.9571	51.0558	40.6846	193.47025	201.62055	38.8235	93.1264	1008.3619	2.2297	14.4878	14.5339	13.72125	355.4267	411.573	110.91255	3.64995	1117.0149
WNT4	76.3047	126.80605	289.99705	81.8713	24.8489	6.6105	15.7048	72.3911	126.3213	73.1508	169.9623	103.0385	68.6335	201.1952	117.3238	293.2862	144.2806	45.4233	29.56115	29.31495	103.537	96.8307	249.4509	123.18785	525.03645
WNT5A	724.7885	372.30215	472.4266	404.4421	57.93895	108.169	592.1371	469.117	1568.3241	403.1731	375.1051	556.86615	779.55	1142.0815	410.8674	419.1419	168.2335	216.1795	208.3452	183.88835	530.722	493.0332	633.46075	196.4165	1748.0349
WWTR1	241.2876	412.08425	321.33545	138.9867	493.3928	1437.9189	665.0719	489.4888	683.1614	873.9313	339.3277	127.94345	416.1776	497.7458	824.7326	438.3675	238.6793	1061.1023	1243.3321	1034.40365	939.6888	937.6269	596.8644	551.79475	583.57555
XRCC5	6301.68635	7914.37585	6518.5804	7121.0274	3078.25835	5609.2622	5646.5127	6239.5601	6844.4444	7969.5923	5554.5743	7948.42965	6589.5078	6753.4367	6939.759	5544.2244	5421.5755	5562.1698	6335.8838	5147.3971	4839.8714	5123.6034	5840.20795	5882.1195	6350.3058
ZBTB16	4.7082	15.7101	2.0147	3.1746	77.72935	156.1562	61.1961	26.6988	6.4134	19.1471	394.5652	3.93215	2.7475	141.1633	407.9685	348.1837	49.613	189.2708	157.32725	176.26265	380.9524	328.0596	300.28545	76.2461	146.0299
ZEB1	232.5435	642.0288	162.9844	287.0691	288.41965	1210.9709	310.2999	408.8464	350.6745	189.2503	462.02	341.2187	204.05175	1008.5832	1271.0515	3770.4099	547.7618	658.7918	798.2558	586.1729	1257.3376	1275.2046	864.45105	1743.50215	2780.50445
ZEB2	247.266	589.80305	192.175	295.279	246.71025	1956.0393	726.2301	691.9113	499.8238	339.3882	335.4621	330.1194	173.22455	1360.6179	1630.2711	1102.1201	873.4836	788.8927	1130.7924	747.5882	2230.4482	2502.9625	614.13225	1230.7908	1220.6196
ZMYND11	1610.7158	2782.0575	1234.7685	1376.4539	2244.84405	1913.737	1605.5005	1692.2382	1391.9424	1702.0935	2398.7654	1459.06705	1481.168	2598.9041	3156.3477	3203.8869	1430.5701	2718.5607	3089.6725	2575.01455	2389.4413	2349.2893	2989.92375	1991.67995	2891.02155
ZNF703	219.9329	591.9974	206.87165	1286.4734	47.07995	50.7581	40.4355	98.1	326.1231	810.9124	256.489	1178.89665	415.8805	293.5644	228.5586	166.1412	786.3188	96.3006	49.93115	63.36465	83.5519	86.9139	252.8278	604.65445	399.21075