NAME	BLCA_C	BRCA_C	CESC_C	COAD_C	KICH_C	KIRC_C	KIRP_C	LUAD_C	LUSC_C	OV_C	PRAD_C	READ_C	UCEC_C	BLCA_N	BRCA_N	CESC_N	COAD_N	KICH_N	KIRC_N	KIRP_N	LUAD_N	LUSC_N	PRAD_N	READ_N	UCEC_N
ACTA2	3761.4122	5953.7876	1500.9354	3834.3291	1743.5589	9421.231	1322.9368	3895.7656	3045.4731	2361.9202	18536.2781	4281.11395	2869.0747	37258.9096	21586.3255	116863.8081	6489.3075	4611.5817	3741.77325	4076.4756	4784.6819	6761.9547	48501.61325	17228.8628	55185.89905
ADAM15	3459.04115	4215.8345	4433.42015	3438.9483	815.2285	1593.4015	1219.6996	4248.6523	2835.7292	3040.6519	3537.3289	3110.9571	4240.3662	1901.4577	2721.0219	3925.9767	2991.5262	1399.0202	1032.8701	1135.1501	2389.5681	2459.0023	2680.3379	2918.7386	2557.7107
AGER	83.1061	26.77055	77.3986	29.3878	16.903	66.0264	74.1102	390.3378	143.75	90.1645	39.5071	28.85225	96.8362	44.1176	35.205	97.3597	21.7714	37.9622	14.0408	29.92775	44485.6928	38026.4775	30.6005	24.14935	108.85045
ALX1	0.63155	0.3819	0.42695	0	0	1.1811	1.4409	0.3491	2.3047	0.9149	0.7707	0	0.9265	2.9155	2.1337	13.1597	0	39.1726	22.21895	20.18695	0.3082	0.3365	0.80505	0.1978	5.2224
AMELX	0	0	0	1.556	0	0	0	0	0	0	0	2.9118	0	0	0	0	0	0	0	0	0	0	0.33505	0	0
AXIN2	102.09415	203.3388	67.4752	3362.7563	37.5489	53.5372	171.3831	331.7092	187.701	679.7037	528.0127	3851.41445	499.14475	323.2877	358.4379	1695.053	738.1487	141.8222	141.2229	133.6777	791.1122	713.1757	698.03385	743.10265	1210.43615
BAMBI	533.77895	1120.2353	149.83815	244.8228	289.32775	376.6068	1692.0738	228.7302	262.94	65.1313	349.3724	290.8314	453.70465	973.6308	677.3414	745.8746	123.2571	582.5653	608.5019	559.41435	243.2203	264.1267	284.017	217.52415	566.32575
BCL9L	1918.11235	2019.96175	1689.9087	1540.688	903.99115	1797.402	1262.2636	2809.5441	2176.2813	4524.1154	1481.9461	1435.97795	1866.8699	688.1978	597.2079	984.4884	583.5684	846.0162	910.53095	894.55345	458.4104	476.7588	1139.6581	657.0172	1413.5381
BMP2	243.97595	23.0899	296.7674	275.5365	167.9882	427.0712	258.7776	345.8119	234.7545	19.9663	56.1965	277.4124	55.86875	747.2407	173.7968	177.7385	1244.0008	244.0291	232.8224	273.68885	1443.0747	1505.327	111.0263	1188.30665	203.3409
BMP5	3.05705	1.4154	0	10.6572	0.4525	1.86	0	99.9544	17.5171	0	1.8741	14.93525	0	51.2204	41.1061	0	130.2885	8.4652	27.35685	13.7088	252.8682	293.6951	57.12045	108.4097	0
BMP7	150.5679	80.34995	879.9325	473.8938	5.0064	1.7264	44.3125	40.8479	1658.6169	1376.9339	202.7534	689.8295	242.5515	1002.4313	143.0754	39.934	84.4185	320.5742	348.84375	395.98655	74.2297	97.5348	477.57695	151.19195	185.4938
C13orf15	243.23535	308.3394	282.6477	181.8594	560.4149	1690.924	122.9472	745.5447	438.8489	487.6004	303.2844	271.76095	242.3816	687.4003	977.8761	1233.7217	140.1705	834.3364	478.82595	317.049	5945.7014	6062	421.76985	203.7046	433.88905
C18orf1	147.9142	1332.01355	203.45435	320.1782	238.4032	979.1201	139.2359	274.1582	203.8968	342.6966	677.7039	340.91325	348.4532	504.9466	1371.97	760.0707	468.7805	426.0132	547.35895	418.74495	477.6579	499.8307	918.9578	543.9603	770.67595
CDH1	10243.4127	9134.4817	8922.3045	14303.2144	10884.99465	1939.4113	1496.7338	8904.4193	8710.252	5057.1973	12267.853	14260.08055	6647.0212	60.0707	12.2755	14.1914	51.9849	6.4299	9.0729	6.2472	29.1339	37.643	26.4827	120.4289	2.8334
CDH11	372.1667	2137.4976	244.8775	827.0592	57.8049	862.763	61.7635	1649.8516	1200.1098	897.0586	497.4008	843.3124	538.6434	3.1937	1.2255	1.0601	3.8813	1.8403	3.05665	3.58835	4.3675	5.6594	66.7812	6.059	2.8672
CDH2	25.82765	71.64075	28.3323	25.6615	6.8145	2147.0423	2042.9004	35.3149	45.082	1085.5633	39.5546	32.8156	273.5519	45.4795	12.8832	8.4806	3.1885	5.0313	2.5549	2.1756	117.6862	121.5084	307.46035	3.53975	12.8552
CLASP1	1025.0962	1240.614	1076.2013	884.7518	940.5715	1780.4113	1457.4308	1283.6771	1694.2131	1448.847	1197.0489	950.24375	1405.2593	1520.1166	1700.585	1238.9439	778.6164	1499.0297	1920.54435	1689.78965	1173.141	1215.8168	1447.75605	945.4614	1459.6638
CLASP2	719.2333	1039.3264	621.8926	693.8681	1269.7347	810.6026	821.6598	701.3498	614.6816	664.0625	988.024	812.4398	705.1638	988.0559	1436.5228	828.3828	677.4354	1223.8986	1416.58995	1204.91605	1038.311	1064.8629	1131.35945	902.99045	1056.8719
COL1A1	36601.42825	105598.9607	14559.7164	34271.0481	2118.43595	11374.5226	1903.7459	40329.3613	45539.8907	54629.1635	6898.1916	35683.03025	21861.03845	47128.863	18504.9154	49524.8801	7239.9403	1374.3582	1300.90415	1795.46335	5092.6205	7887.8548	4574.8466	8574.86675	23029.3696
COL4A1	6185.2954	8007.9827	2912.87515	7151.2545	7137.7797	25808.3716	3257.9251	7333.7216	6884.4464	4774.0395	3152.903	8957.48365	6519.0519	4936.9018	8141.6799	6122.5497	2119.2843	5254.4133	5593.3654	5348.5681	6350.4713	7562.1521	4485.9483	3618.67045	7499.8489
CRB2	1.37975	6.64385	2.57755	79.6691	2.9427	15.9292	5.5544	3.4554	3.238	597.4142	3.1486	79.80295	14.5206	7.874	49.4629	18.7279	87.3927	180.4097	422.88435	573.0855	4.4961	4.7393	2.6344	63.52285	47.9141
CTNNB1	6979.11	9276.5338	6130.9098	11018.0635	4989.8977	6844.4567	4754.5198	10452.7236	8314.7012	7080.1612	7944.5609	12085.42615	6701.311	7860.3947	12225.4522	8758.3276	8368.5416	6379.2788	7793.8035	6939.87215	9303.3051	9879.1252	9330.6521	8478.1234	8534.1191
CUL7	1222.3189	1266.9778	752.24665	857.178	1083.25585	1288.2602	1236.1141	1364.0628	1194.0911	2119.9699	1494.0196	883.6253	1384.3082	804.5948	1175.5649	1059.2186	625.8832	1056.898	1048.21005	1286.4913	816.1184	879.074	1196.34445	511.7994	1446.73005
DAB2	798.3434	1400.82525	354.4822	1403.9679	1384.61395	9638.2051	5988.3495	1263.7076	946.4599	850.491	747.2178	1550.66355	441.78415	2048.9939	2523.3959	2685.159	3872.8352	2513.2563	2283.33725	2675.818	2549.2859	2414.3791	1826.6921	3137.0098	2143.8257
DAB2IP	1373.00615	1057.18425	1711.4761	2042.0765	7682.3533	2072.9167	1850.6725	1147.9391	1242.7219	1683.7257	976.0377	1880.93145	1516.6183	1384.2566	2677.5039	1346.6758	1509.6188	2757.2405	7298.28525	7752.64075	3000.1026	3277.0642	575.31295	1881.16085	1721.203
DACT3	59.81955	94.0523	35.68275	55.5883	33.9547	162.7372	23.9126	109.3067	86.2517	76.2573	256.489	61.70165	55.7537	597.8082	88.3441	2303.4955	186.7205	138.5264	127.34125	148.8379	226.6566	245.4169	435.9733	585.2255	1314.92105
DAG1	3544.86365	4258.59495	3066.4536	3639.9788	4957.43615	2097.3705	3943.635	3151.1267	3030.5759	7963.7237	3573.8095	3529.5975	4012.86105	2850.3876	4138.3113	2815.9011	3671.0155	3942.881	5036.2206	4779.45825	3418.6173	3491.7709	3419.01485	4103.5766	2884.3643
DDR2	31.83605	174.82495	16.58755	74.293	32.61905	148.3011	8.08	101.2101	82.367	152.7813	116.1366	91.11275	47.1193	421.5737	857.1211	316.2544	235.2025	113.5463	179.45	125.33755	264.7392	330.4113	329.4574	663.3478	281.3656
DSP	6689.9911	13990.10325	23866.42135	8461.9914	7019.2513	1778.3655	3091.1901	6050.1697	21009.8917	9117.051	8237.8322	8963.6836	5979.356	3758.9041	11981.9062	221.2014	11737.616	4127.9231	6101.0824	5224.7047	1589.6679	1437.9908	8055.78725	10138.1769	950.6369
EFNA1	1945.36025	2416.5141	2701.21465	2090.5179	942.8351	2468.6426	1596.4485	3590.8212	2318.9088	1489.1806	2606.0762	2206.2153	2224.7131	767.0191	1327.1267	1413.4276	1814.4144	1277.6679	1000.1412	1191.8777	2916.3121	2808.6312	2043.5478	1859.09125	981.35395
ELL3	128.78065	276.1112	206.88395	296.2284	97.79535	77.5987	104.9	179.4607	130.3864	111.6894	380.0115	250.8883	240.03475	80.1688	143.1796	103.4947	376.7576	90.2701	82.2138	86.1557	92.4887	94.5597	177.6729	412.57815	94.45345
EOMES	5.305	17.8706	12.71075	8.483	4.50405	65.2681	11.1111	24.7072	26.1536	12.8305	7.6849	6.0753	9.76425	12.987	13.3028	6.7138	14.541	6.1243	7.09345	5.264	32.5677	46.6424	7.28815	12.3542	14.97025
EPB41L5	200.6759	609.5249	224.8129	365.6307	420.96065	552.474	1027.7033	629.0365	303.4722	448.7734	503.6206	408.0577	444.6755	371.7514	699.6298	546.8647	413.3119	1559.327	1828.08905	1684.5995	1593.8272	1432.7731	487.6179	376.99465	602.3834
EPHA3	62.98035	50.8733	12.7564	45.4337	32.37415	335.4941	10.3734	64.5209	45.3668	20.3822	621.6955	84.83385	20.70825	948.688	99.2549	354.2152	99.5514	80.1056	92.2503	71.5926	87.6683	141.5	1101.9745	330.82025	118.123
ERG	129.0195	261.75275	152.53535	113.0298	252.4331	979.657	64.3395	280.6855	215.8463	123.8239	335.5195	148.6443	178.4186	758.3213	671.0775	627.0627	453.6797	509.9578	539.0507	429.75755	504.7574	527.5	854.24595	549.13525	603.4767
EZH2	476.452	388.78	1033.8038	645.2541	55.4866	127.4547	123.2877	318.5982	629.8881	504.0679	115.5796	661.85225	414.0822	108.453	83.2925	39.4791	284.6939	35.2267	29.46365	26.59755	49.9445	65.2465	34.5608	307.8	64.97695
FAM101B	268.84505	397.2868	190.00385	243.5443	306.578	1025.4022	103.2134	320.7798	310.4942	179.6087	283.865	275.7779	262.31535	669.3878	589.5722	774.7772	389.8866	392.0395	416.0372	391.49955	767.3115	858.5192	353.63635	355.99525	587.5106
FAM195B	1881.7504	1261.99595	810.6022	734.6193	860.39805	885.4881	1903.7504	1247.0862	1038.1482	1639.218	1678.3546	676.49065	2325.5158	1421.0526	988.2734	2355.4455	591.0057	1467.5444	884.56475	1295.07535	1143.6252	1249.063	1582.5858	902.71215	1883.3354
FAM83D	682.5622	275.8952	1051.68255	652.9882	20.33695	89.1443	25.2036	269.3727	1057.3095	773.7533	157.3734	797.86425	339.3332	373.2057	26.1584	17.5463	294.3144	31.8432	64.9834	93.3908	45.5467	69.869	221.4965	450.6547	20.7922
FGF8	0.4834	0	0.4685	0.4393	0	0	0	0.5397	0.8384	0	0	0.37375	2.0161	0	0.361	0	0	0	0	0.52465	0.3894	0.3554	0	0	0.41255
FGFR2	513.85635	663.20815	612.8299	225.9868	618.20095	677.1729	605.7572	361.784	1664.5161	1579.7167	493.0176	176.26545	1572.985	1153.9808	1368.2237	1101.3201	1505.4672	1719.6815	1698.9966	1450.8358	1774.9196	1354.2659	1786.18755	1269.9895	2006.5703
FN1	21565.1559	75828.86885	4772.57515	13741.7012	6736.7202	30729.9331	4305.6022	47372.9105	32613.5391	17353.0637	6097.9567	22030.2746	6028.27595	15368.3621	11034.6654	13790.2673	8626.1648	5821.3639	9818.2071	6037.78355	68572.5126	79144.9541	9671.5345	17924.8953	11994.2496
FOXA1	1597.7068	6551.3555	649.24435	537.2288	0.4591	1.33	0.7937	1293.2769	569.9717	9.1409	10322.9205	224.54265	179.01745	1278.3562	1906.3722	0.6601	972.202	2.164	1.00585	1.0189	599.182	508.7239	5627.00015	643.81775	3.0256
FOXA2	0.31785	0	0.5656	765.4888	0	2.2394	0.4156	453.3116	28.1978	75.4586	4.0258	957.3999	711.0917	0	0	15.5477	231.2218	6.6813	2.7342	1.5437	937.6206	713.5883	16.5742	479.3372	313.1857
FOXC2	2.78395	8.1451	6.3824	3.9118	12.3988	95.3687	6.0373	3.9663	7.476	3.122	3.6377	6.74685	1.6484	7.0262	14.1584	9.2409	3.9019	69.2281	43.77545	53.8754	10.2708	12.677	5.18885	3.27215	5.1952
FOXF2	117.20465	51.90725	51.2705	86.9074	1.89195	11.0273	2.9089	113.914	193.2773	28.6369	70.8978	113.8517	20.4912	292.7114	52.2755	3.9604	355.4302	2.7557	3.1591	3.20005	370.1997	350.5564	179.9841	706.64915	3.61855
FUZ	303.1968	307.35335	252.4741	103.2113	512.3531	444.6779	582.2272	255.3557	221.2423	586.9974	361.5713	85.4279	597.8164	247.7761	277.85	376.8225	140.0709	654.8279	444.1449	637.81685	297.3179	276.7314	337.55685	169.8105	495.96965
GCNT2	82.3792	341.39505	224.05895	21.4778	456.29025	527.628	533.4814	610.3679	443.6314	159.6212	1227.2675	24.3874	694.736	136.4706	463.1708	167.4912	493.8685	792.0683	823.42505	700.1915	804.8569	698.366	2030.09625	330.89285	209.02635
GLIPR2	285.95885	523.42595	388.25895	345.484	95.48145	440.5728	283.9463	599.7899	470.9622	673.8501	1410.9538	245.3003	561.82415	953.9726	888.8378	2341.878	1205.2932	232.1627	186.888	156.3864	2827.9661	3037.4351	1748.89875	1544.0106	1608.3236
GREM1	590.84355	774.38365	212.6057	1489.8551	1.295	21.5061	3.5119	710.2317	944.2297	58.3283	371.5651	1686.23985	49.07075	252.7911	299.057	394.7195	1058.3514	142.3422	82.28735	55.28815	26.2411	28.6057	329.4357	1826.2819	279.38825
GSC	2.575	22.0056	1.98395	1.1761	0.7254	3.4823	0.7911	1.3281	3.5252	12.3035	29.4858	1.44755	36.00505	4.3415	31.1851	1.9802	0.3986	1.2148	0.93375	0.76645	0.774	0.9307	8.3015	0.3625	7.57385
GSK3B	1239.4319	1668.50375	1581.46855	1337.8781	1559.49465	1086.0852	1455.0243	1139.8499	1859.0893	1534.2338	1222.5239	1424.87145	999.49545	969.2052	1524.9658	742.4028	1138.4851	1035.5295	1350.4768	1155.8774	1464.2953	1375.1017	1154.744	1198.2743	885.41715
HAS2	87.84845	59.5613	35.1049	107.0106	1.29595	12.0306	1.7754	73.724	118.1907	43.362	12.2655	117.04835	15.66175	248.7453	85.2427	64.3564	103.8496	36.3727	35.44325	24.7691	112.8746	279.7	34.60505	133.3742	29.647
HDAC2	2510.4176	2118.93495	2679.4594	2782.5867	852.5823	1393.1004	1293.6317	1757.2305	2864.3397	2247.4368	1922.7274	3067.3646	2582.52115	1937.1227	1725.9751	1847.1947	1605.475	1457.2378	1597.8594	1348.95795	1307.243	1301.5363	1660.201	1823.3412	2347.6836
HEY1	161.40875	175.86265	145.12435	93.0705	677.76415	424.4175	40.3576	224.0058	871.5186	51.349	78.4738	98.63375	190.4081	122.5301	335.7165	178.0919	147.9934	177.0904	142.9868	109.2141	572.3623	598.887	109.52635	128.9955	125.6983
HEY2	30.8403	96.3525	43.5353	29.6479	44.04225	255.1828	145.5515	33.8034	50.5518	535.9927	68.2002	34.95165	384.23755	62.9921	367.43	123.7624	33.533	100.7397	104.6674	131.34035	87.436	78.4246	37.5057	55.99995	389.6601
HEYL	225.21925	360.87785	110.94095	253.6383	336.534	1765.2983	142.1639	448.8855	316.2391	247.2395	450.7128	296.0753	243.51615	270.0422	195.4049	1158.4158	143.6842	450.4969	444.23405	425.40945	871.7408	995.6815	337.55305	200.30105	1081.8111
HGF	9.9668	38.5694	7.14805	19.6535	25.0149	128.3363	21.9619	76.5197	32.2839	13.1323	50.2137	34.30885	11.16825	63.081	118.7784	87.1287	23.1234	124.0049	216.08445	117.35945	162.8264	275.7077	69.35885	32.81185	89.1775
HIF1A	3038.15055	2156.90125	3821.38075	2041.0388	4309.3531	3003.2051	4313.8205	4048.9356	5997.7874	3417.6188	2399.5977	1835.90895	3592.78465	3268.5914	2104.7065	2045.2145	2200.119	6762.9033	6188.47425	4328.99695	2720.9484	3295.4115	2730.8691	2425.41915	2289.8935
HMGA2	12.43165	4.74965	38.169	198.2987	1.40255	1.6124	19.2293	16.4835	390.0476	344.928	0.5886	206.81445	145.6865	1.7493	2.0367	4.2403	126.6247	2.8179	3.4409	3.0764	2.6227	2.8966	1.50125	114.77525	52.45385
HNRNPAB	4262.2746	3453.0553	4868.35695	5742.9403	2165.9774	2108.759	2534.8854	2859.6333	3098.1548	4667.4482	2918.7937	5712.0368	4884.90475	3226.9695	1781.0103	2095.8845	5586.5696	1715.4244	1549.511	1590.96265	1753.7893	1733.6732	1810.413	4839.0312	2270.56325
HPN	3.11305	688.41455	3.9217	4.4739	3663.8676	3197.2714	3782.9574	886.9908	92.6606	905.9188	5105.2703	12.5696	788.6026	2.6247	159.9822	10.9664	5.2395	3473.1491	2774.99265	4716.5363	588.3692	549.887	829.1162	8.4101	428.48765
ITGA5	2185.8663	2115.85345	1421.6039	1235.2941	806.44165	4471.1479	725.4207	1753.9234	2744.4539	1091.9447	1491.25	1402.2059	1135.4365	8037.6344	1978.9549	6453.7354	1027.7091	977.6705	917.84205	859.82165	3325.6303	3844.5325	2740.68945	2744.7467	2748.05765
ITGB6	2155.37095	890.02875	2106.15315	616.4909	265.4162	206.7704	1024.4698	2680.7018	1448.0143	306.0564	143.0377	590.04885	392.16445	815.7434	1763.8308	8.4806	676.2035	1692.3077	1546.1437	1195.3946	3901.4523	4005.6366	474.17835	609.7655	51.71415
KRT18	18332.41385	14755.8246	8389.0935	29315.1468	8496.37045	7770.637	14696.5852	14343.19	5580.0283	15066.0596	15574.8777	23314.72475	17507.19105	7405.317	5843.2898	464.6643	19339.6572	5712.4439	4781.5941	4989.8407	6503.7011	7026.9965	10340.56565	17155.2424	3366.63395
KRT19	58305.98335	26340.51885	36410.718	16329.0488	60.7667	891.5883	9429.9536	12809.6774	30850.3423	11612.7001	3497.4656	12022.54355	9943.10425	28108.5271	8183.01	1940.636	29875.8041	3967.9642	2173.7128	2884.4925	6710.9748	6608.6806	6591.5799	26007.96935	3757.01135
KRT5	3598.92895	861.314	150708.1445	2.6717	0	2.756	1.5705	40.6455	101026.5487	347.5231	2162.4949	2.9674	539.7687	8628.2417	17126.0182	132.3432	2.2455	0.7488	0.92345	8.1063	144.1868	347.5	9476.29025	2.0088	15.38105
KRT8	33651.83275	20880.83475	16843.4587	55483.5686	21858.66005	8213.9725	22233.819	20480.5263	14198.2511	21444.9398	15716.0069	46534.83315	25022.0248	13289.8223	7109.8054	780.8581	87439.5231	8383.6853	6081.8586	7300.78025	8394.4427	9028.4051	11842.2045	68306.92275	2775.54235
LAMA1	29.9392	67.80435	14.81345	29.2096	355.26875	464.2346	802.2214	28.5388	275.6477	128.9079	16.4706	39.10125	613.9828	18.9068	231.7985	18.6429	288.7402	514.3907	440.84925	398.1099	29.8285	37.0175	23.15655	373.53355	107.5596
LAMA2	187.8747	519.5311	109.9168	189.294	104.4135	95.1276	90.6869	472.8309	352.7794	135.0285	282.8391	162.63205	122.1287	1850.8136	2223.9493	1886.7888	492.7845	303.7494	537.59105	409.50025	1025.2527	1449.5403	454.0492	476.26625	616.3559
LAMA3	568.0056	590.4302	2323.68505	1551.011	596.18555	357.6258	1091.997	1006.1094	2700.3252	740.4394	539.789	1164.5732	1034.76095	778.8235	3941.57	1199.3399	2184.3302	309.7564	235.5366	217.4939	3968.7897	3308.7588	1161.0684	1573.15895	1096.2506
LAMA4	1032.8556	1850.8264	408.18695	1206.5514	1414.1948	3567.5776	657.2905	1099.7522	882.7657	612.0794	707.4369	1404.0204	602.9009	2663.2521	4287.9507	5900	1232.0346	410.6213	426.6937	339.044	2657.8986	3129.5092	1151.17985	1954.20985	4344.06455
LAMA5	5188.4795	2292.18065	5099.4314	1637.1022	5003.3166	4004.3621	5881.4929	3105.5646	4855.4702	10631.1227	2668.0117	1589.3255	6152.4386	4599.6016	2315.2568	2514.0507	925.4499	3549.2958	2512.284	4261.6061	3660.3157	3354.7725	3080.01495	1502.2659	3306.4449
LEF1	113.97685	342.7411	134.78605	234.4273	345.23965	151.7524	17.4043	168.3174	382.8332	540.859	220.2886	251.1581	994.5684	99.1254	103.2746	254.9692	56.5272	114.9346	130.76585	118.20385	99.6441	125.0447	141.75825	54.01405	669.9404
LIMS1	224.4633	352.6631	234.2446	333.474	640.87385	488.8646	195.572	357.1693	482.6294	641.2504	286.8786	355.9895	521.91565	363.9576	478.1167	151.9435	261.5804	341.3627	382.65715	317.3318	492.1067	546.6795	360.2485	365.17095	370.31665
LOXL2	703.49475	1191.1146	465.13345	1104.8962	317.3129	2018.3807	339.3185	753.292	928.9306	697.8343	268.8917	1306.81765	781.70515	284.5481	994.2966	456.1056	163.6616	231.8013	348.22635	293.0083	431.0065	623.7371	134.22405	184.3838	364.5587
LOXL3	65.4212	115.2411	62.51685	83.7482	25.91305	127.7912	52.7571	111.886	126.7692	218.2768	41.3144	81.5779	90.7817	493.2303	902.8682	908.7558	373.045	253.6132	215.2946	159.5718	284.9513	392.9101	367.08705	393.99775	696.6812
LRP6	531.84605	969.56225	506.6984	872.549	781.9851	974.3454	747.5538	894.7778	785	1076.614	863.8847	909.87095	949.72875	760.3499	1854.9568	1569.637	818.5377	1321.8068	1673.386	1358.1435	1081.4714	1075.7705	1005.5999	892.9726	1248.6095
MAD2L2	729.83335	488.474	766.0047	393.0909	921.84695	305.5339	336.7099	526.6931	749.5815	734.6509	589.8244	382.84805	984.69725	326.3342	278.828	544.523	191.4478	441.0589	295.94825	346.4128	276.0903	327.502	390.92545	197.4042	498.20205
MMP2	5370.1837	7911.95	2235.1783	4308.4757	735.15425	1372.3383	491.3545	6044.666	6512.5491	3515.2763	1813.1649	4112.4219	4562.82455	17121.2664	8952.5628	17033.5846	4344.4334	1058.1516	1248.3933	1045.25185	4919.2227	7945.2225	3242.53035	3639.0433	11589.48685
MMP3	60.8354	173.5906	135.82295	340.9802	0	0.3605	0	8.4289	85.7148	0.3523	1.9002	550.84465	20.20715	84.9535	28.4515	1.6502	8.6685	0	0.2999	0.15215	0.7003	1.9408	2.9842	14.5879	0.75165
MMP9	384.05435	1082.5243	799.7549	755.5283	75.43185	176.6345	139.7059	1226.1146	1551.2748	598.8609	179.792	761.90245	585.15905	89.7216	136.0527	49.47	360.6129	31.7013	15.9338	23.9869	237.2822	403.6313	31.21795	300.1996	66.57995
MSX1	53.63415	53.94055	51.5087	78.7789	49.97285	78.9293	27.3872	19.8392	40.2516	123.2128	79.9798	78.0716	8346.74705	250.2187	102.8157	750.8251	11.5425	52.2026	30.9425	35.68535	50.4202	63.1386	41.60765	13.52925	2048.9849
MSX2	519.892	207.0993	38.861	212.962	4.7159	6.8876	17.2166	26.2712	46.3576	18.9349	50.9554	112.5957	349.92545	620.4082	217.2619	65.2502	8.9288	6.993	6.31805	5.83375	15.6028	17.8073	99.11165	12.6471	535.7587
MUC1	2481.0084	8028.9057	4357.0922	2332.7413	3958.3785	1221.0808	1707.8571	18951.3968	1839.4306	11884.0494	319.5489	1995.6421	11307.93565	1491.6512	1919.9735	579.2079	3965.7058	4701.7939	5283.7078	6699.5261	14894.1176	13652.6399	358.82505	3682.6895	1949.6687
NID1	1351.6692	2310.3583	676.69545	1417.546	1175.5483	4988.7817	658.9426	1527.6126	2088.0088	849.6041	765.4597	1760.9032	946.3352	2420.233	3305.1036	3533.7245	1521.883	1162.2353	1720.9695	1379.528	1807.1974	2186.3368	1362.78475	2066.5676	3726.66835
NKX2-1	0	0	0.22745	0	0	0	0	2981.0092	81.564	0	1.6577	0	0	0	0	0	0	0	0	0	2671.4252	2132.9182	0.3579	0	0
NOG	2.4578	2.89635	2.37685	1.387	1.74075	14.6569	3.0411	14.5063	5.0468	19.4471	6.3189	1.43755	36.85715	5.3004	6.291	7.5908	3.3543	9.1582	7.74605	9.54585	23.198	14.3655	14.8241	3.94005	13.7379
NOTCH1	1469.4509	924.96305	2347.93935	2626.4226	748.66755	1653.2432	667.2139	1106.1277	1782.5774	1452.3456	842.4487	2858.5521	1618.1747	1955.5113	1573.4187	1321.1221	2273.2783	1180.4704	1049.6667	1416.3246	2383.0393	2261.7219	1589.8733	1905.3096	1580.4151
OCLN	208.01025	449.38885	240.5807	554.2489	377.7172	128.7458	469.3141	796.7564	170.8932	463.7731	318.8864	591.70655	377.5105	189.1473	294.7826	27.0627	773.3509	724.3289	734.37155	604.0287	1000.8569	905.3299	223.78255	584.29175	73.16195
OLFM1	30.86785	324.0227	155.60685	55.8882	21.78245	76.0212	42.6099	145.6903	335.7979	38.7289	444.2842	71.3369	44.9138	465.9913	560.4633	1319.8081	282.9268	258.7486	145.8534	103.8144	337.9283	451.9471	454.26245	386.06945	704.05725
OVOL2	209.31095	262.63225	233.4238	225.7504	5.3334	0.4129	26.3881	181.5774	127.0825	366.1485	234.3215	209.55735	328.82555	92.1283	140.5906	3.5336	315.0832	61.5077	47.0696	49.825	107.0922	90.6271	193.3805	220.227	94.96015
PAX3	0	1.7938	0	0	0	0	0	0	1.1342	0	0.3943	0	0	1.0504	7.0516	0.6601	0	0.2936	0	0	0	0	1.04795	0	0
PBLD	103.6093	155.66965	75.4107	351.6636	179.9418	1571.831	782.8874	146.5081	71.3463	118.8286	225.4315	300.6831	191.10825	185.8054	209.5588	92.5795	1969.4042	2019.0406	3124.8452	3989.66195	107.0872	109.8283	197.118	1006.5514	200.0564
PHLDB1	926.2432	1694.92275	661.2563	1086.3188	551.27215	2083.2642	1756.9528	1497.8791	976.3643	1650.8121	1052.4695	1120.0932	1716.73125	1664.5774	3196.3093	2892.392	1814.3724	2634.6699	1874.8748	2257.14175	1800.497	1911.6771	1456.6256	1673.1469	2957.64935
PHLDB2	841.21415	554.56545	725.72505	177.2348	2413.5523	2016.1397	1895.4512	407.8947	1559.9378	176.3546	623.8214	199.68075	141.4761	1482.4213	1430.6242	1487.2792	301.4418	2273.2899	2854.99825	2469.7483	1564.1402	1544.5044	927.01375	716.5904	1045.3791
POFUT2	685.8279	584.96905	457.9966	506.6274	725.16705	721.714	740.1186	739.251	627.1961	692.8839	769.8361	503.2919	756.23565	589.725	553.5629	766.6667	390.5472	599.1546	458.70745	554.4202	526.8293	571.885	685.21885	418.0881	871.7807
PPP2CA	2785.20125	3249.34935	3490.73815	2613.1628	3091.36865	2825.8531	2385.7521	2584.6881	2641.8451	2886.2672	2726.3574	2641.77515	2859.6581	2818.4952	2537.4979	2964.6552	2698.3561	3093.799	3068.44595	2666.78515	2483.2672	2430.3476	2548.49825	3051.6529	2614.106
RBPJ	521.519	631.527	421.7202	435.1	681.12315	804.4175	424.9346	761.9844	516.7822	636.3963	615.515	478.78235	725.88365	0	0	0	0	0	0	0	0	0	0	0	0
RTN4	6520.67585	6226.0038	4329.5529	4342.4545	8174.3584	7349.2387	8424.1364	4841.7526	5569.6203	3432.7166	5038.5412	4434.5519	3155.5323	10020.1225	8613.7366	5542.4028	5699.4303	11927.4522	10952.88235	10297.0719	6343.1843	6421.1948	6821.286	6663.55085	5203.2962
S100A4	2162.7515	1157.5512	1065.66975	942.2081	227.3114	1112.9168	638.6656	2113.943	1135.3483	1399.1071	429.2082	1016.215	1065.6254	2774.0404	2385.7291	3954.7855	1162.2449	1814.7519	1030.7785	621.2545	6683.4345	7330.255	858.04675	1697.95255	1126.40615
SDC1	28027.10515	6335.21055	20017.45045	6507.2614	1614.37315	2817.541	5041.3279	11787.8689	21023.79	1323.2278	1822.6048	5655.4709	3635.77175	20960.7802	2106.8097	97.1731	6336.227	8085.1439	7380.28475	10458.32975	7588.0644	6602.4169	3264.52855	4022.02085	308.15265
SDCBP	2844.64905	3254.66725	2450.38265	3804.9075	2342.4757	3864.9978	4004.3516	4326.3969	3430.4058	2915.0556	2855.0391	3943.943	3248.34725	655.7725	57.6508	195.9769	5718.4846	153.5311	90.35525	94.02775	163.4063	177.4375	89.5563	4575.1033	71.06365
SDHAF2	745.5985	677.6018	643.58545	590.8257	728.01615	546.1783	600.1819	690.4616	710.3659	933.0065	710.9349	587.7591	859.07915	620.155	561.7174	788.3392	646.9624	724.822	585.21665	597.19795	580.6603	591.6784	650.8368	642.5032	604.56375
SERPINB3	91.57325	0	6716.76365	0	0	0	0	6.7555	862.727	0	10.6009	0	3.62125	55.7769	0	66.3366	0	0	0.5289	1.16655	8.25	34.6073	36.6989	0	0
SERPINH1	5970.52955	4907.35115	4151.81275	3963.444	2167.31815	4759.5133	3851.1848	5532.043	6364.1485	7872.8085	1951.7749	3933.2906	7153.09455	3482.2785	2755.7569	5686.0864	2000	1668.0748	1581.09695	1611.77235	2573.8564	2912.1276	2016.46955	1966.3912	6397.9348
SFRP1	58.5783	662.63555	514.2977	14.8017	27.8159	65.1319	26.6611	33.9693	86.5674	217.756	1474.7095	26.77465	496.6287	1228.9513	21295.2418	8784.4884	887.5287	8763.6157	10135.52035	9087.87645	145.9559	153.2715	1897.80105	1537.6866	4523.78985
SFRP2	729.38195	8491.03995	495.37275	547.2496	163.20375	234.7008	19.5775	1846.2582	3034.4828	255.8643	686.0808	421.6838	94.06785	5741.7209	5245.509	798.355	2033.9623	83.5848	96.24605	95.32605	889.5582	1141.3365	765.0598	2942.01455	23.9251
SMAD2	1508.59755	1885.2359	1764.1018	1182.8776	1964.837	1561.7985	1256.6514	1600.1484	1958.4309	1632.9018	1393.7008	1093.4557	1540.62655	1701.5222	2305.4729	1484.0989	1562.3754	1610.4945	1893.2178	1530.06325	1959.4415	1862.4408	1635.5103	1687.95705	1672.44955
SMAD3	2235.6246	1124.30535	2274.40335	1107.4351	2895.9815	1615.7391	1963.5182	1423.5518	2328.5624	1052.48	955.4307	1057.31055	784.3275	2600.8772	1684.0598	1735.9836	1467.1576	1650.4884	1802.44515	1722.78	1534.4624	1577.6758	1394.2489	1205.75705	1734.67715
SMAD4	1104.5838	1452.26145	1278.2423	1012.632	1868.52825	1694.4512	1402.9364	1380.9971	1416.0601	1620.5124	2313.7909	929.90195	1335.21435	1582.9832	2211.8003	2360.0132	1567.9439	1796.9448	2117.86395	1780.754	1915.0753	1770.5895	2743.9363	1587.2559	2367.9624
SMAD7	416.4729	671.16305	458.9956	493.9394	977.4763	926.6055	583.9793	605.9494	375.7225	409.4903	405.8042	508.35255	412.6244	1000	703.402	787.9859	940.9217	1101.4591	954.2007	973.59485	1269.5783	1307.0292	607.727	776.50055	781.40075
SNAI1	64.8431	100.69115	50.4055	111.2112	46.30175	161.0344	23.4032	99.3013	93.4915	81.1633	37.2192	129.39865	66.01545	135.8824	102.2204	98.0198	37.3675	120.3307	93.289	90.74645	139.1843	190.9247	48.2248	35.81075	178.36315
SNAI2	486.4683	371.3384	671.41895	115.8157	59.13725	225.5193	26.8184	144.8563	1030.8466	180.1159	173.2169	125.8137	103.21445	626.3014	732.4159	1213.4339	170.5259	241.1011	254.93815	180.90755	193.7775	235.1049	696.6509	163.39605	765.7066
SOX9	487.22435	1738.6466	1103.9761	4944.95	462.4944	1053.7849	2964.6563	421.193	765.7014	1604.1585	2323.9961	5286.9052	1594.44425	155.1037	2634.8398	126.1484	1526.2055	573.9284	704.4628	618.70245	275.2101	267.3611	2293.04745	1258.3153	581.80315
STRAP	2144.7565	2454.95755	2057.23205	2751.9154	3565.3858	1819.5182	2134.7985	1963.3714	3236.1929	2255.7744	1802.3957	2981.69485	1915.06015	2069.4645	2207.7799	2434.9835	1838.9474	2449.0247	2525.8503	2301.79625	1611.4544	1666.046	1794.6079	1922.975	1847.96435
TBX5	14.73275	52.9938	0	0	0	0.62	0	149.0814	93.1874	0.6013	24.8955	0	0	126.2366	92.5425	0.6601	0	0	0	0	488.4793	580.5104	103.2458	0	0
TCF3	2270.45335	1589.7152	2004.3804	2520.3965	1235.47475	812.3407	1125.7121	1521.0363	2079.1937	1986.54	1227.1429	2357.1336	3260.76655	1197.6624	944.0852	1005.6203	1405.7805	829.9953	590.9176	831.43965	804.5249	825.0286	898.8671	1291.1784	1646.70485
TCF4	525.9965	1353.3198	678.5359	471.7868	497.53525	2385.8438	214.8678	875.1511	1515.304	786.7685	733.3829	533.09785	881.7893	1739.8447	2792.6577	2987.7888	667.8049	859.2311	1041.509	633.12765	2320.768	2673.5453	1132.4095	1215.4632	3128.9528
TCF7L2	514.10825	571.91645	474.4446	1090.4255	409.4113	624.5663	423.8149	632.9811	472.9997	933.9455	535.3696	1097.75965	609.4359	622.0815	1284.693	1232.1555	1780.5627	543.1557	554.11835	541.4188	852.2409	875.8394	615.21825	1649.48865	1009.625
TGFB1	1734.0177	1003.38905	1438.3439	685.1078	757.5298	2748.9273	959.6937	1495.6076	1908.6933	1402.507	580.1066	587.0164	925.39925	1529.6671	545.4856	1580.8581	794.1997	1026.7576	836.04345	936.13115	2068.1278	2344.9787	702.13905	742.24125	1514.3842
TGFB1I1	431.2187	480.8291	307.95625	423.4367	162.80745	638.8769	128.6421	395.2866	383.4669	622.5864	705.7986	460.10875	364.87685	162.5442	262.658	193.3993	177.7239	250.8603	228.46515	194.2357	187.3098	182.1814	216.81675	174.46935	243.44115
TGFB2	67.62335	307.12095	152.9734	58.8843	58.9073	205.9165	75.2862	270.0491	171.1076	332.8402	502.0954	99.93805	246.2124	1777.1676	928.3524	5679.8587	719.3253	492.2028	338.77275	443.09455	728.7963	841.8071	1666.86375	1974.3375	4322.3314
TGFB3	284.4691	1348.3516	285.38055	134.6405	177.01015	394.1691	142.7206	383.3904	521.5408	193.6073	723.363	140.9625	257.1663	192.6126	527.7631	372.6073	36.2567	229.6451	274.9186	162.5237	916.6017	749.2608	758.99965	97.77625	693.50215
TGFBR1	929.75	1479.6713	1087.412	955.3528	1951.14445	1978.7041	1241.693	1256.4343	1259.6899	712.8435	1012.3524	1130.04245	852.71665	2363.0796	2396.8064	2317.4917	1935.0105	1195.6571	1352.2797	992.9422	3524.5518	3829.1641	1185.44705	2107.44645	2528.88905
TGFBR2	1355.7996	1806.7348	883.10055	2984.8101	3481.6119	6239.7399	2414.1092	3475.8679	1412.2807	1515.5853	1344.1896	3405.0781	918.7155	1303.9325	1783.0821	1724.0924	830.608	1561.5494	1972.4394	1699.67505	1424.6231	1431.8969	1270.40275	1121.71655	1265.7712
TGFBR3	662.059	548.1614	169.4885	390.2213	367.16465	912.6697	539.1684	219.9941	372.9016	594.7671	616.8937	423.08495	214.2723	4486.7491	9465.3649	5615.1943	3520.8748	5817.1956	7313.1031	6681.9838	12119.712	12103.2498	2372.5974	4279.02115	3235.2226
TJP1	1664.8783	1828.58355	2098.62025	1536.2663	1923.30645	2238.5234	2040.2042	2309.6097	1860.1083	2274.9096	2855.423	1590.65785	2120.41495	2482.7397	2882.1329	4052.4752	2026.5553	2430.4169	3272.6324	2851.75265	4770.9877	4600.3817	2458.2279	2338.0205	3829.11275
TMEM100	8.647	18.37755	3.9509	9.2105	11.40495	56.9933	21.2772	75.2857	26.4585	74.6904	55.7238	11.66075	15.0558	123.7337	304.8707	109.2409	215.2252	33.8296	38.22825	24.6533	2616.3328	2456.4363	130.49775	227.0086	103.34875
TRIM28	8253.36385	5791.01155	8200.65585	7498.9396	4420.7799	3324.6689	3626.3158	5120.6697	7627.1739	8938.1172	5812.3914	7056.6803	10679.23095	752.3288	705.6856	400	523.6097	455.6427	569.68465	477.23225	664.507	626.4329	762.753	433.91585	561.197
TRIM62	365.0283	294.9053	218.42235	135.5	148.85895	149.2137	135.932	193.5528	212.0141	404.0308	364.0811	134.12325	214.53625	159.687	224.1379	97.5265	33.0309	243.394	359.7866	363.212	81.1847	89.5482	124.8902	45.60805	118.50805
TWIST1	71.18755	106.383	49.2677	37.8803	5.31635	15.2618	2.0317	21.4913	106.1533	103.9312	157.4257	43.32365	76.29425	307.7725	301.4136	722.4422	13.1761	12.0562	8.60065	6.85035	6.1254	6.5986	50.2884	23.2656	436.7321
VASN	332.21565	373.88235	413.25215	183.2612	1598.6396	1451.3238	1778.0405	731.767	289.6175	2501.521	780.7665	205.7151	1203.55575	721.1308	454.5455	977.7385	149.0609	2094.6111	1469.8655	2430.87145	703.8192	845.706	437.4855	138.33415	1499.0492
VIM	7221.48675	19209.9303	6313.44695	6171.3733	4572.555	79505.841	36683.0795	16820.5904	10842.4023	19167.0338	6992.9996	6069.3604	33985.1885	23431.1572	47901.736	54114.5545	11100.2462	10077.2744	10987.40715	10699.389	40169.0255	46005.1636	11053.37725	13931.73805	65967.0621
WNT11	20.8231	34.65125	26.8288	151.634	170.5136	6.747	6.5917	24.1636	52.2023	224.6567	72.39	248.9607	150.838	33.8192	224.7227	74.9117	78.3941	91.8555	28.1877	20.60125	93.75	99.3495	87.0826	76.62315	105.82085
WNT16	3.19855	0.98705	3.1746	1.2453	0.79535	0.9923	0.6062	3.337	7.932	1.7757	5.2448	1.4566	3.0565	1.7498	0.8865	3.6304	4.1131	1.7307	1.76205	2.53675	2.6019	2.5	18.6645	11.8176	2.66835
WNT2	75.63195	167.63925	72.9726	135.7143	23.9205	1.5875	5.9472	137.3809	113.9571	51.0558	40.6846	193.47025	201.62055	38.8235	93.1264	1008.3619	2.2297	14.4878	14.5339	13.72125	355.4267	411.573	110.91255	3.64995	1117.0149
WNT4	76.3047	126.80605	289.99705	81.8713	24.8489	6.6105	15.7048	72.3911	126.3213	73.1508	169.9623	103.0385	68.6335	201.1952	117.3238	293.2862	144.2806	45.4233	29.56115	29.31495	103.537	96.8307	249.4509	123.18785	525.03645
WNT5A	724.7885	372.30215	472.4266	404.4421	57.93895	108.169	592.1371	469.117	1568.3241	403.1731	375.1051	556.86615	779.55	1142.0815	410.8674	419.1419	168.2335	216.1795	208.3452	183.88835	530.722	493.0332	633.46075	196.4165	1748.0349
WWTR1	241.2876	412.08425	321.33545	138.9867	493.3928	1437.9189	665.0719	489.4888	683.1614	873.9313	339.3277	127.94345	416.1776	497.7458	824.7326	438.3675	238.6793	1061.1023	1243.3321	1034.40365	939.6888	937.6269	596.8644	551.79475	583.57555
ZEB1	232.5435	642.0288	162.9844	287.0691	288.41965	1210.9709	310.2999	408.8464	350.6745	189.2503	462.02	341.2187	204.05175	1008.5832	1271.0515	3770.4099	547.7618	658.7918	798.2558	586.1729	1257.3376	1275.2046	864.45105	1743.50215	2780.50445
ZEB2	247.266	589.80305	192.175	295.279	246.71025	1956.0393	726.2301	691.9113	499.8238	339.3882	335.4621	330.1194	173.22455	1360.6179	1630.2711	1102.1201	873.4836	788.8927	1130.7924	747.5882	2230.4482	2502.9625	614.13225	1230.7908	1220.6196
ZNF703	219.9329	591.9974	206.87165	1286.4734	47.07995	50.7581	40.4355	98.1	326.1231	810.9124	256.489	1178.89665	415.8805	293.5644	228.5586	166.1412	786.3188	96.3006	49.93115	63.36465	83.5519	86.9139	252.8278	604.65445	399.21075