NAME	BLCA_C	BRCA_C	CESC_C	COAD_C	KICH_C	KIRC_C	KIRP_C	LUAD_C	LUSC_C	OV_C	PRAD_C	READ_C	UCEC_C	BLCA_N	BRCA_N	CESC_N	COAD_N	KICH_N	KIRC_N	KIRP_N	LUAD_N	LUSC_N	PRAD_N	READ_N	UCEC_N
ABL1	1633.5209	2111.184	1632.3022	2454.5855	2112.45355	1890.6796	2063.8655	1937.1695	1794.544	2089.306	2731.5271	2457.12525	2428.5494	4044.3836	2622.1698	5233.0033	3379.8149	1920.1409	1853.2364	2175.8226	1819.6798	2189.7233	2857.659	3234.92185	4620.0325
ACTB	111085.3589	91474.6494	106007.5005	112479.5413	79977.0135	78843.2056	93424.7032	112757.8622	104813.644	106060.9286	61791.3669	102897.9693	134260.1426	153706.9767	71587.9017	160372.3098	128286.7818	62421.8467	56512.34965	66253.43595	121866.2465	130135.7754	87255.30585	140863.1301	119919.6461
ACTN2	2.1773	2.9317	0.9349	0.5	5.81265	10.4248	8.0049	4.4776	2.9523	2.8011	6.1881	0.90605	2.6882	15.7563	2.443	25.0825	1.7316	17.5923	11.8627	13.955	79.536	107.4271	39.47235	1.05125	10.7723
ADAM2	0	0	0	0	22.844	0	0	0	0	0	7.5457	0	0	215.1942	98.5696	31.6832	231.295	87.0156	106.04565	105.2791	82.9582	101.416	143.61405	183.58445	362.1452
ADAM22	10.8843	41.65995	9.8683	23.8197	96.2635	104.5872	19.2016	14.4092	10.4812	13.9507	77.3897	17.93945	19.3573	0	0	0	0	0	0	0	0	0	0	0	0
ADAM23	16.587	21.86795	24.4368	10.4833	1.3926	9.1284	2.2117	8.2603	662.414	9.7749	9.7447	11.11365	12.0645	21.2483	80.6413	31.0231	22.1891	139.6447	174.14225	124.6139	11.2386	14.6417	167.5467	29.2043	33.31815
AGR2	1944.4121	5851.1277	832.285	11391.4328	0.35385	0.3631	3.8285	7381.1305	823.3604	70.5993	7772.8343	9075.65685	1201.58005	2886.2974	1552.5847	52.2968	14351.8233	111.62	113.3368	111.7333	1572.5669	1538.7931	4824.744	24511.04125	414.32775
AKT3	216.64575	422.74325	139.91405	146.0481	854.32325	1308.6473	733.4537	291.2536	362.4365	175.6528	1351.5541	178.61055	99.7959	755.6389	1173.4919	1586.5724	270.1601	1122.1345	1402.97205	967.7455	737.4825	815.2388	1523.1094	553.71745	1299.71535
ALOX12	23.4843	3.00615	21.98695	2.7248	4.34665	5.6037	7.0053	4.01	42.7679	11.0414	4.6893	2.3018	11.67485	8.6832	5.5918	4.9769	4.6994	5.8891	4.1743	4.6467	6.3006	9.2811	4.3056	5.78135	8.03645
AMBP	0.4446	7.225	0.76875	7.8363	3.34915	17.8	54.9133	15.3846	1.0697	2.1652	2.1525	11.8647	31.96185	0.4824	6.0768	1.0601	2.911	188.9269	149.98785	225.6886	12.3782	12.2313	1.75795	3.5973	3.5619
ANGPT2	231.6693	230.7603	121.13335	151.4777	340.73705	2284.1424	55.168	197.2914	210.7048	249.3591	95.4738	193.1006	288.3843	221.0068	328.5831	268.1979	53.389	256.5006	196.9902	88.3245	148.5524	176.0563	101.9665	68.3853	315.0825
APBA1	127.1214	101.79945	70.69095	92.8144	43.90085	158.033	103.9578	154.963	138.8512	110.8949	212.8146	125.6857	85.9711	233.4247	361.7989	320.132	306.0717	135.3494	203.6367	180.78905	122.5244	125.2596	160.17645	367.4103	303.6933
APBB1IP	108.03155	268.19135	116.64765	79.966	58.96815	1173.9695	1426.1838	338.3652	167.9764	226.169	71.3055	62.49995	105.82605	187.9472	590.1011	39.4791	235.7649	80.4014	147.9018	152.75625	596.6117	659.6639	77.19875	209.70425	98.49935
APOA1	1.87685	1.8893	2.13215	1.5699	0.6224	1.4409	1.4787	2.1377	1.9931	848.7032	1.2136	2.09645	9.0953	2.1918	0.8487	9.1873	2.2676	3.9481	6.0365	14.19935	20.2137	16.0615	2.66665	2.19255	21.53505
ARHGAP5	1328.24315	1646.86825	1861.1978	1804.6583	3708.56425	1962.5255	1689.8312	1899.3949	1701.6977	1720.9445	1726.4463	1749.81415	1147.96005	2241.3669	2827.3701	1481.1881	1854.7904	2488.3073	3526.8599	2547.101	2191.1765	1978.1678	2153.3533	2307.21485	1795.61565
ARHGAP6	42.65335	51.5323	14.41735	61.3851	2110.7196	330.272	275.0633	56.0284	26.3528	43.3846	1866.1059	69.50145	24.8962	625.7534	178.1348	702.9703	120.6794	541.6412	551.3745	539.02815	429.1632	411.4159	1862.9716	355.77335	522.9748
ARHGDIB	4339.96275	4771.65555	1955.05975	1532.8031	1156.9262	5866.5596	1862.3279	5073.3048	2204.9342	1542.4089	1275.332	1472.75535	1550.5439	3592.991	3344.8378	2111.8812	1790.9154	1530.8501	1636.20415	1298.70385	5756.9656	6828.7379	1242.3299	2016.5412	1717.66255
ARHGEF7	1204.57845	1179.35065	1003.9682	1355.5556	1162.0841	1891.3421	1155.7614	1048.302	1024.602	895.6051	1456.7568	1479.2045	1099.8364	1098.5423	1731.2335	1228.7868	1232.0345	1085.4375	1185.64295	1221.6811	1259.9846	1208.8433	1412.9258	1183.89015	1328.8251
ARVCF	362.0747	332.11335	329.4466	320.971	253.1735	302.9757	530.0282	310.6312	251.9663	393.7963	838.0414	264.15055	1075.45275	214.7945	377.2587	359.364	177.9382	368.2962	265.03305	474.68205	330.5723	325.2887	457.1022	186.87305	436.26005
ATG5	773.68635	762.0687	910.9291	998.0747	579.5963	585.4562	601.0886	742.9688	994.9975	797.9862	758.5693	1072.59085	766.57935	813.1507	831.3282	880.5281	1170.6938	762.9158	813.78775	677.45405	753.8462	723.5895	977.6581	1206.30335	979.70395
ATP2C1	2650.8549	2822.4643	3406.4882	2320.1363	4028.2509	2496.3476	2660.84	2399.9764	4428.7639	2292.1831	7844.9068	2350.31	2799.86885	1576.5353	2910.0465	1583.5936	1807.6071	2815.1955	3252.6848	2735.24495	3479.0222	3419.9901	6121.95175	2003.3481	2110.5834
ATXN3	401.2403	421.6226	458.8057	327.0949	248.47775	354.3316	242.3353	349.4424	387.0334	422.3964	453.9406	325.7042	367.1484	472.8767	590.8555	537.4558	363.2098	329.5532	369.9728	323.59255	471.7785	463.3441	424.44845	394.1708	497.2196
B4GALT1	4876.23995	5686.4456	5802.96915	3185.9311	3318.4127	3707.6233	5070.1198	6241.6798	5031.0345	4977.2824	3102.0115	3167.7745	9394.5703	3970.5426	4106.4771	2414.1914	4809.591	5163.799	5071.73365	4852.645	4518.9076	4981.0412	4176.2296	3596.28465	3295.64165
BIRC2	1106.1041	1194.1652	1044.6607	970.0666	996.3301	1456.5288	1017.3847	1154.8872	1239.6166	1375.7545	1077.4399	1015.9216	843.1496	1090.4453	1545.9789	1248.7633	1211.3501	1295.8788	1338.3848	1133.1308	1173.258	1252.8302	1136.90855	1252.0317	1021.26705
BIRC3	255.78695	310.48555	456.62995	463.9229	107.6385	1891.9431	581.5385	956.77	401.8957	196.094	283.0409	416.81235	245.97045	668.4932	361.1111	279.2079	711.964	431.866	381.2003	308.5905	809.7449	1235.9648	356.6623	618.7403	276.12645
BMX	5.8223	9.94635	2.6815	8.3087	6.949	20.6474	2.2482	6.9098	7.1908	1.4728	10.1394	8.83565	14.4007	68.4084	136.5331	131.0231	122.8521	14.8734	6.58805	6.18195	70.7864	91.4363	14.94865	95.8157	50.6747
C1QBP	1697.3057	1608.8222	1600.16395	2535.0743	1055.8117	1170.1656	1942.6995	1304.0441	1896.826	1933.1299	1584.8844	2277.23835	1792.7404	221.2919	364.8343	245.8746	200.9616	318.025	308.15795	271.71185	208.5587	213.594	339.1406	195.74715	366.73885
CASP8	605.0855	559.3478	589.35195	801.147	332.83475	776.4977	648.2213	841.6793	626.2415	1078.7827	393.0841	852.62485	632.6858	420.2532	531.2276	258.6572	700.4878	414.9348	443.47925	391.8795	620.3127	699.3715	325.606	564.06525	402.70565
CAV1	1668.61015	1195.74045	1330.5241	686.6841	2909.7434	5566.5914	661.3354	1690.7268	2020.6099	669.4678	1191.8412	768.86025	531.75005	5682.071	12934.4675	13190.8127	1767.4841	1161.5813	1024.4915	769.53385	31849.0292	27215.2284	3511.4419	5184.01475	4825.5836
CAV2	1091.21865	469.78325	1339.9315	296.9231	3683.98405	3461.6977	1853.0292	1379.9232	2075.7576	468.3544	381.8603	311.81695	234.10375	2084.9089	3610.9898	2401.645	379.4896	860.2967	785.90695	649.0601	8987.1383	7531.7599	1077.51725	692.26485	1125.2987
CBLL1	495.6874	793.84455	512.66275	695.8737	849.77305	633.3032	494.1176	555.2597	658.5635	906.9905	783.6468	816.136	549.98085	511.0294	570.2739	331.4488	448.4085	276.7952	313.72075	276.97195	347.352	393.2543	322.75285	442.1815	414.04625
CCDC80	649.8981	2563.89435	899.9715	518.082	1090.46905	661.0356	231.0046	1654.4919	1873.7805	1009.4368	744.9156	542.57305	808.076	9414.6894	8983.913	14756.4085	1887.1769	636.5238	561.81525	560.8832	1495.7983	2089.6269	1677.6671	3754.9282	6086.78455
CCND1	4269.9049	7898.4581	1043.3191	4867.064	4397.92805	17139.1928	2533.2567	5574.0929	3563.3862	3262.9851	4709.9543	5088.0704	3752.71675	3151.7715	4745.554	1080.6964	1595.9405	3352.8182	3666.6139	3495.2871	6576.6628	6257.2774	5538.0564	1966.4978	1493.61225
CCND2	466.1989	620.11895	469.75355	3317.0852	249.19275	1443.7037	3126.5127	666.7623	1050.5618	523.9682	788.9061	2581.087	561.36425	2196.0158	1648.2006	3656.5371	2580.5989	506.0591	598.7341	534.38435	1922.0262	1907.0117	1785.65365	2992.63505	3246.7906
CCND3	1461.00165	1201.32205	1318.7372	1205.5287	463.2392	1470.8543	1307.8721	2217.9298	1206.1538	1886.3863	1010.716	1204.8367	999.32845	1428.3647	1612.2735	1735.9736	1712.7237	1286.288	1036.9578	1126.62255	3972.8814	3919.2968	1284.8823	1575.44915	1241.9452
CD2	103.8215	198.1766	227.4195	142.81	23.60165	371.861	116.9118	347.2016	213.4831	101.9573	97.214	118.52775	135.4512	523.5294	611.2249	769.637	144.8992	215.1223	198.51465	178.35575	243.9759	316.2805	354.1767	215.9188	1058.98265
CD200	115.16015	215.31905	61.9553	128.3262	136.4039	832.4234	623.6842	167.134	168.5689	720.474	121.0986	131.05415	515.4721	189.9225	161.7466	84.1584	262.0253	36.7422	34.53685	33.06385	348.7395	430.3188	97.38065	212.20205	120.07355
CD33	21.088	58.447	24.6113	21.3737	19.3578	121.9897	73.5673	101.2236	56.2842	56.4516	19.9726	19.1582	30.13355	46.3	75.0529	23.0295	72.2071	18.6271	26.0305	20.33055	301.357	333.3537	24.1041	54.87075	25.0285
CD44	5636.44975	8302.208	9828.418	6906.5789	2957.4896	2761.6393	2016.6205	6412.3834	13605.0351	1488.2934	3854.4289	6376.68395	3634.93335	8913.7291	8652.9185	13529.8149	2910.3528	870.8205	1156.76815	924.05185	14450.9804	14825.6222	4634.898	3213.4002	7338.21365
CD46	5332.66525	6886.75465	4958.6871	9058.0672	7435.50015	5457.9215	4411.7647	9522.0035	5168.3787	3414.474	7050.5534	10341.0447	3301.8027	4081.6327	5877.4136	2493.9929	4731.0916	8781.857	8122.30115	6652.8497	6565.1781	6355.1987	8556.8109	4844.58615	3297.42485
CD81	8968.9545	9778.34195	6045.8772	7882.6993	11841.02465	14508.7651	12972.075	10705.8051	8694.7391	15233.28	13527.4871	8199.90255	17010.0148	19410.7774	13312.5198	34076.4907	5989.6285	12514.1823	11191.82085	12968.56355	18876.5576	19602.298	17707.7391	9228.7294	27953.40185
CD83	267.96535	329.7847	303.3382	193.0131	616.1862	354.7955	274.1799	532.4363	415.6826	337.6328	212.1145	208.21835	240.6167	367.9809	286.8363	187.1287	174.8981	698.8838	685.84185	823.7836	1392.8571	2121.8015	262.6304	296.0502	271.1917
CD86	122.73725	221.277	147.98005	106.0662	68.32975	331.1662	175.3882	356.2531	263.7584	218.0958	60.472	96.1625	85.2238	151.9422	135.0142	65.3465	183.0042	41.7385	54.0756	37.9298	695.0836	750.1083	58.50775	229.2563	55.4874
CD9	10262.3475	7816.1598	11554.7155	11325.7485	21276.1424	3985.7967	3431.5642	6483.4378	19168.5982	12400.8767	11390.4052	11304.8737	6098.16505	1221.9902	1626.6603	3025.4125	798.6568	1468.9746	1705.9636	1766.58535	1781.5126	1875	1343.0444	989.10465	2257.21545
CD99	2889.75505	2325.68525	2634.47285	2388	513.1421	2389.6198	1395.3296	2241.5914	2867.7806	1985.8785	4143.4617	2330.2594	2644.0705	3675.6344	2177.7012	5125.7426	2305.9234	1081.9726	1030.87335	1122.50355	2638.3296	2823.3949	3893.3454	3074.8657	3782.72105
CD99L2	509.68705	897.57635	587.30615	597.4948	2279.94375	2166.1322	2112.0864	1539.1986	891.5999	925.2839	1009.6095	648.7205	694.3874	9605.5881	4784.7257	7128.17	12785.4326	9500.6798	6226.341	6265.12405	10578.4148	11159.4947	16062.02365	12500.99805	4661.68535
CDH10	0	0	0	0	0	0	0	0.8313	0.5669	0	46.7857	0	1.1655	6438.3562	7719.7309	96.4664	17633.7571	5932.7018	6436.1171	5842.99905	4432.7335	4533.2713	10996.2851	14195.69355	1542.6595
CDH17	1.9895	1.45095	4.9563	12422.8019	1.63985	3.1709	64.5161	11.3833	3.9931	0.3523	9.0179	12371.74295	4.0445	1054.9582	852.0778	1192.0493	342.233	378.1161	419.49815	316.7863	1663.7795	2213.1621	507.18505	404.40025	1794.9248
CDH19	0.90785	0.37795	0.28055	0.998	1.70225	0	0	1.7596	1.327	0	8.4388	1.8839	0	16.4706	3.6194	13.1597	20925.4984	12.044	11.87755	12.25125	2.9994	3.4673	30.0056	15188.7896	8.4966
CDH20	0.8222	0.9492	0.9486	0	2.66315	1.0309	0.3583	1.5457	1.2	4.3173	1.0046	0	1.8709	19.1781	21.4752	148.7633	38.6176	444.1961	804.2621	794.0886	24.8491	36.6212	136.10685	119.04405	589.21595
CDH23	166.0888	64.5185	24.0155	11.2777	8.9259	63.9308	24.0107	52.8754	58.7863	206.0258	25.3477	11.0392	51.31985	1.7647	11.6788	0.5483	0.5669	5.2783	3.67175	4.31005	1.5186	1.7361	3.05055	0.3846	1.6115
CDH26	110.07585	6.23085	30.2178	3.6768	3.0819	9.0859	3.2787	70.188	111.1111	3.088	255.075	4.71915	13.0067	169.4577	312.6814	285.8317	55.4539	24.9665	21.23215	25.6364	175.3794	255.955	78.476	43.71555	143.17665
CDH6	43.21125	57.0368	16.819	50.1776	55.0193	3564.3672	3423.7881	58.6678	47.0288	2090.8463	25.4702	53.9203	124.5704	100.822	99.1815	78.2178	24.4841	229.3012	729.9488	737.7981	145.6583	194.0437	41.6965	28.29595	117.2314
CDH7	0	1.28985	0	0.4237	0	0	0	0	0	0	24.5399	0.4184	0	0	0.3493	0	0	0.3067	0.242	0	0.355	0.3948	20.14125	0.8375	0
CDH9	0	0	0	0	0	1.0352	23.2198	0	0	0	0	0	0	0	0	0	0	10.3257	34.84165	63.36485	0	0	0	0.5092	0
CDHR2	0.4136	0.64365	0.85025	544.3864	6.98775	220.0777	1149.7418	1.224	0.8425	1.3188	0.3625	616.55015	7.8186	0.3957	0.3765	0	2995.5843	105.6867	357.07675	553.77105	0.768	0.8137	0.33225	1784.6419	0.92915
CDK6	425.30945	424.1376	636.68615	1263.8914	602.365	969.0076	996.0492	487.9707	1490.1297	482.6878	690.0826	1510.7201	292.8286	700.47	928.4705	384.0989	874.4656	1000	1290.22815	979.38455	795.8777	753.3356	677.117	1066.1246	569.4548
CDON	58.45975	478.8288	114.4823	89.0295	143.63825	632.6791	113.1469	179.7887	209.6649	560.8466	239.2027	111.669	145.6019	320	948.8865	1304.2403	131.496	107.8892	123.55165	120.02005	440.4181	456.3722	223.83325	525.8926	879.26875
CEACAM5	112.9552	113.02385	2273.2413	91047.0884	0	0	0	5095.203	708.9171	3.9417	18.7028	105272.1581	52.6893	12.605	5.4502	185.159	93941.8367	0.3018	0.1358	0.4003	365.7718	421.6344	9.04735	74453.77005	0.5057
CELSR1	888.2575	3846.02755	2546.53585	828.6934	329.8597	2198.6344	2405.8424	2855.6461	3734.9887	3097.0009	595.456	815.2805	2910.85445	833.4247	1689.9408	286.5724	119.2865	1872.5753	2014.6694	2761.15995	2964.6697	2663.5906	895.90695	267.55695	1146.69035
CELSR3	367.83025	154.02375	501.11695	445.1117	43.9017	27.595	78.7568	206.3409	122.3123	155.4752	65.5106	444.1759	108.1306	37.9859	45.8015	48.1848	61.2261	14.3541	12.6075	16.5033	27.2606	32.3529	27.9642	50.80745	48.32595
CLDN11	55.83025	92.34495	17.68025	13.6519	29.2497	24.9377	10.0405	55.8036	57.6986	229.3721	147.442	19.8425	24.21965	322.0452	929.1274	327.5618	89.5418	193.4553	202.84895	194.26345	237.4867	239.1826	287.67905	98.4111	131.52965
CLDN16	3.5778	0.3316	5.96695	3.4998	1.27495	2.3663	11.328	2.9085	16.1891	411.3162	0.8271	5.1088	2.7859	3.4985	1.5045	2.3102	0.3899	593.7702	938.3898	871.1177	5.3989	6.2112	2.7073	0.85305	2.53615
CLDN18	2.261	1.25795	1.49605	2.2272	0	5.2506	3.4602	245.142	31.42	0.8917	0.6577	1.1985	1.0572	1.9162	3.648	2.8269	1.4634	3.3824	2.82895	3.67185	22821.9924	18487.4924	0.8719	2.0554	1.8547
CNTN1	12.73635	67.5071	25.06595	2.9319	0.44945	4.0816	2.2059	24.5074	246.0614	77.0878	197.5524	3.92715	55.96805	511.6279	341.5288	153.7102	66.6014	329.4264	539.0415	390.44695	137.1742	155.102	546.44285	179.1717	171.021
CNTN3	19.8299	30.18025	1.8798	8.5026	328.76925	3.4823	107.2317	25.1983	14.5349	72.5806	271.0008	7.75665	58.31105	176.5557	100.5041	32.3432	165.3275	169.9774	190.2036	181.8571	33.4093	43.2759	301.16665	157.9869	72.97265
CNTNAP1	145.1516	147.84465	120.73175	133.7553	68.6762	243.0581	185.3189	195.0846	162.7635	134.8553	155.7981	152.70155	193.01225	396.8992	183.4007	703.5336	171.7073	83.158	62.6865	82.4899	191.5584	238.1285	276.30595	326.4246	700.6634
CNTNAP3	21.56695	17.7613	91.36975	5.6674	16.7178	62.7477	76.0953	12.6722	93.8344	11.4231	59.5374	4.76815	35.15695	62.9738	269.9387	33.4476	38.4251	100.1225	99.02505	89.3742	51.7119	60.1992	82.8046	65.4187	49.7137
COL11A1	78.71385	2064.7167	9.9073	458.7247	0.72345	11.6782	2.3426	380.2261	662.5045	244.5682	3.9344	495.8112	16.48675	5.2478	22.8571	35.6408	3.14	3.3435	4.57885	4.19755	3.937	4.799	2.519	6.59925	5.3959
COL12A1	2825.3663	8709.2426	1811.9272	3578.7278	304.23305	1314.8195	340.9965	1326.2535	2686.3832	2507.2593	1690.4927	4096.23045	3147.73995	2077.1666	4013.0449	11022.1122	944.6657	1464.5206	1862.45085	1288.49905	2631.7267	2703.5615	1544.7921	1600.79355	7245.35695
COL17A1	605.9659	213.0848	1381.7128	1960.434	1.8372	5.8375	21.9142	253.4642	3861.1893	2.9749	300.0769	1947.2262	83.4588	1140.3101	5662.7575	17.1617	4974.2702	6.9403	5.9796	6.81475	21.594	46.8645	1671.67945	3942.5139	21.8548
COL19A1	0.93535	0.4775	0.2938	0.8584	0.4691	6.3107	6.0916	1.7545	2.0284	0.8764	1.058	1.048	0.8945	47.9865	1.7751	0	10.5263	10.8632	20.44825	25.2299	1.6949	1.9196	5.0447	13.0888	0.8578
COL4A4	22.41755	29.65305	19.109	17.2897	1493.2096	396.9404	666.2916	448.6913	75.5906	23.7947	127.6635	20.08055	21.1447	228.6585	83.6878	51.5422	54.9785	2087.8632	2076.6725	1888.23315	1376.2873	1278.8991	242.7039	62.9669	78.42395
CORO1C	2066.8404	1989.14225	3092.41515	3078.7132	804.8863	3546.4744	3435.3142	2650.6662	4587.4405	1473.8808	1192.5612	3156.86885	1923.5273	3676.822	2799.6219	4553.3569	3028.3918	1386.0834	1587.82065	1486.9736	5122.8879	5381.3456	2232.10875	4142.40385	3545.28975
CREBBP	1645.14055	2731.0825	2070.0009	2091.0335	2493.0894	2216.5919	1888.7352	2353.7513	2325.477	3425.1302	2228.7695	2133.71645	2212.0783	2289.9118	3054.3332	2641.5842	2355.9187	1690.0994	1939.92785	2127.1258	2538.5156	2648.9297	2421.2454	2185.18185	3062.4535
CRISP2	0	0	0	0	0	0	0	1.5353	0.8258	0	3.9241	0	0	0	0.9629	2.6403	0	4.9313	8.2354	9.05775	14.2744	13.9305	14.15655	0	5.1743
CRTAM	7.3607	16.93185	16.06165	6.237	4.1394	40.468	9.2998	28.5881	19.4426	10.7713	7.1294	4.45935	8.13435	16.8443	12.5668	11.5512	14.4899	3.6755	3.25785	3.39365	78.0142	93	7.4908	15.78515	11.48025
CTNNA1	7335.6996	9482.25645	8830.5745	9170	7508.68225	10587.2384	11439.9815	9748.909	6837.1618	7528.3353	7610.8949	8754.19085	10266.8589	8735.1664	9123.1647	7846.4702	11626.4897	10346.9744	11025.98895	10513.541	10676.295	11027.3691	7823.7762	10507.5642	7448.0747
CTNNA2	0	0.5461	0	3.0864	327.0899	0	0.8246	0.591	0.2903	71.2937	5.1713	5.42285	315.95275	4.2017	0.969	4.9349	25.4553	2.4088	2.42975	2.99555	0.9001	0.5914	5.66765	46.71325	235.22495
CTNNAL1	343.26785	389.38265	435.8717	553.9674	1029.19315	453.2007	414.8689	637.9526	667.0119	579.7674	955.4101	547.88765	631.1479	665.2323	850.4295	1899.67	401.0145	1422.5595	1371.50005	1152.8083	1734.4734	1772.4187	785.37365	728.107	1474.82355
CYFIP2	494.35875	703.60975	308.9159	861.6376	6826.87165	3484.6154	2491.6127	926.706	363.1341	1111.624	979.9511	808.77575	701.3652	1011.1145	346.8024	532.9678	954.1798	13149.1791	18956.37195	16111.6134	1183.6237	1375.1269	639.4807	763.1317	712.98225
CYLD	772.5504	1148.93205	1035.91115	622.7049	1110.7709	1525.144	1006.7997	1057.8335	940	513.4255	915.8558	643.05385	602.45845	1497.9592	1421.2178	1082.5083	979.0419	899.1362	1226.2117	1018.73055	1500.7874	1586.362	1235.14245	1205.0418	1092.18235
CYTH1	1034.67775	919.85355	1326.3661	897.2575	916.97555	819.0816	904.1551	1424.2781	1394.514	603.0486	1577.1305	833.46645	861.57215	1030.9038	864.6035	874.5875	1403.5674	689.0689	634.38085	769.42595	2208.0486	2132.2542	1437.39075	1355.3645	768.5543
CYTH3	522.43365	773.1529	437.38935	559.4993	1167.0393	737.278	706.2693	966.3014	645.3488	736.9591	873.268	591.5127	580.78005	677.0729	1308.4436	1182.6855	575.9637	909.969	801.9655	821.15105	1190.2314	1206.0056	546.0768	719.03385	949.5732
CYTIP	87.685	158.16545	153.8377	132.3972	619.17515	271.1016	137.821	371.402	250	89.0213	73.4636	101.5331	91.4562	186.8217	153.5523	62.3762	273.7419	128.6422	122.58405	108.2676	569.704	701.5292	86.6954	281.0356	87.58135
DGCR2	3278.86315	2794.2669	3059.13585	3005.1383	5125.237	2949.8729	3480.2784	3350.4795	3345.4318	2609.3006	4377.3707	2884.10885	3904.6119	2746.2894	2814.897	2668.6772	4361.6649	3019.5507	2805.3166	3399.6477	3560.131	3229.7243	3698.15155	3389.3192	3210.40025
DLG1	1335.00355	1390.7877	1907.16925	1345.3518	1564.9195	1245.6724	1665.7534	1024.0423	2452.4989	1486.126	1151.6186	1459.41025	1113.7633	1346.8493	1649.0732	973.1449	1665.2053	1400.1841	1768.41945	1430.9606	1216.8262	1173.9806	1292.1232	1675.0762	1122.08935
DNAJA3	1165.27455	1443.5123	1391.2016	1925.1608	2452.4962	1109.4668	1739.6245	1223.0224	1345.5502	1267.1415	1266.1309	1929.4175	1123.15545	944.9983	887.819	930.363	1325.2818	1557.2385	1388.27015	1579.95355	708.7108	719.2522	1131.08465	1244.07295	944.7045
DNM2	4248.65455	2311.0932	3143.09195	5443.6502	4667.2572	4512.4546	4683.794	3085.3731	2875.5805	4103.9791	2731.2528	4882.6313	3496.5519	3466.4634	1864.4723	1764.1131	8953.7554	4648.1758	4130.18865	4815.838	3933.6198	3894.9564	2588.9609	7059.8635	2270.2249
DOCK8	506.68215	700.14035	339.61095	298.541	2582.906	2086.9825	1143.938	868.6493	419.3979	323.8063	407.9891	209.65655	264.03745	874.7209	1200.9519	156.2714	593.8404	638.0062	902.7597	841.90795	2115.1419	2420.2577	484.3597	608.2225	214.1757
DSG2	3398.56105	3272.10195	3839.8278	8274.2278	15483.3995	2832.0117	3367.6991	3452.7287	6781.0379	4272.4527	2657.4533	7458.40935	2455.2457	1439.5349	4707.3799	339.9589	11767.2714	3307.421	3814.31105	3244.90835	1603.2255	1470.7018	3107.80495	10230.2055	805.1857
DUSP22	583.8907	609.99425	798.1709	583.4298	475.02685	773.6049	736.7138	924.2424	701.4085	609.4282	740.4255	633.95705	614.8514	1054.8105	1084.3829	1175.9717	693.5272	709.8383	688.72875	666.87325	1195.5261	1244.0657	759.88115	871.34135	948.78375
ECM2	58.63295	357.6081	49.2121	57.1793	68.71235	496.799	103.3153	187.6462	128.0654	96.2117	195.0882	68.11745	49.2906	242.5985	2185.482	870.7334	110.0244	410.2881	482.45425	409.94175	553.4238	623.4452	276.45545	225.92825	848.8171
EGR1	2595.21445	2591.39285	3036.295	2902.6757	1616.1639	5546.9484	2548.3188	3206.4422	3365.0108	4213.0001	6008.867	2722.462	2525.30965	27718.46	27269.9837	20029.061	3381.873	10865.2878	12040.93635	12481.06975	10519.2956	12772.424	7572.63395	5216.52795	13827.22575
EPB41L4B	319.528	541.15415	298.18005	1932.1052	953.52845	6.3087	22.8097	552.0678	438.3243	409.1175	1263.1579	2166.6924	451.70555	158.6006	1018.8253	11.6608	5314.6123	632.2211	572.33695	449.63915	484.5173	464.6744	806.09575	4018.27845	112.79035
EPCAM	2758.29075	4397.62505	2239.2987	24929.6057	4592.3233	811.5	2602.1942	9667.5508	4220.2664	7394.0559	5766.6041	27803.98035	10549.9162	765.8989	2079.5652	153.7102	30671.9682	7813.7652	6664.39425	6031.27415	3109.9611	2922.1369	2390.0124	28567.5692	2941.0099
EPDR1	109.6998	190.7885	60.83045	696.7948	2917.73435	945.0348	1020.596	1003.7475	342.4399	322.2749	1043.2037	746.01365	350.4172	362.1918	571.0723	1473.8516	333.5544	727.7726	750.9133	671.13785	1353.2387	1208.3614	1397.98355	388.5806	1385.3149
EPHA4	321.4247	155.63925	240.46195	106.2133	47.13675	387.6673	231.8465	439.7277	583.2982	313.7019	263.0325	71.77365	208.91025	214.6413	486.0014	572.2772	272.1088	550.8642	585.6459	450.0887	323.7427	373.5	401.25475	455.3736	460.96275
ERBB3	3051.45715	6966.17615	2650.1133	7169.614	957.00435	3974.6727	4012.4434	4529.0323	1493.8128	3001.816	5613.3791	7004.00995	2531.0642	1653.6986	3834.4402	153.3569	7422.0683	1535.4555	2222.78805	2296.29825	2925.3296	2467.8333	3243.1206	4789.71515	898.02035
FAP	237.5485	1005.872	163.46545	236.8761	10.1982	110.4972	16.4654	423.2344	446.0404	144.0849	69.4938	249.3641	121.46245	137.317	331.8198	1317.6678	12.5601	15.3339	17.23415	8.60145	98.2308	142.5	29.22055	43.9452	690.97825
FAS	215.15835	256.6105	482.86335	308.0256	111.84635	708.8391	618.5151	440.7324	354.1667	390.4038	226.0479	248.7592	210.412	939.0459	1039.1509	858.4158	735.0078	867.8596	916.0353	819.08405	767.7966	791.8486	816.44215	900.13935	860.3578
FBLN1	10444.0314	3664.69135	5750.8804	1422.1964	97.9692	425.0907	295.9184	2663.3212	4856.4292	2960.7978	4822.1635	1797.4481	13912.74555	35611.244	8085.9853	24920.462	5351.9041	1745.6246	1639.20435	1722.583	7464.9533	9870.1299	6733.09375	7179.22445	25278.8442
FERMT2	451.0685	907.0666	251.14765	345.7004	906.48495	1487.4225	904.9808	874.7938	534.2073	965.0495	986.5125	412.98175	586.87145	2117.4054	2834.3332	3759.0106	750.6812	2462.4498	2308.1537	1947.1034	2526.0916	2529.4664	2273.4163	2031.5969	2717.41945
FLT1	629.1679	926.7901	380.74205	556.4626	1948.93395	11788.4323	358.5139	1081.993	792.8803	360.2771	662.1924	669.5527	681.80135	774.9271	1709.4197	2203.5336	449.8076	1781.6942	2949.76385	2520.44845	1663.2532	1832.6055	857.61415	475.8016	1190.3353
FNDC3A	958.1066	1327.9177	825.6465	1673.8817	1338.97405	2069.3069	1860.7155	1701.3771	1018.2088	1156.7696	1314.0689	1882.4459	1436.1969	1539.3828	2170.2594	2016.8317	1686.5801	2203.7019	2593.87895	2047.8869	1855.7343	1865.1617	1855.33295	1824.87225	2326.00405
FOXP1	1071.0562	1672.0865	800.37775	1188.545	2135.8173	647.3755	616.2233	1198.8848	667.2891	807.0624	2429.9321	1137.0974	738.61315	1649.8148	2041.5094	1718.8119	1497.5149	637.8046	894.42015	708.0694	2012.0482	1797.0822	2121.0907	1973.28985	1517.17415
FXYD5	2484.6881	1599.34975	1936.49665	2105.5858	323.43075	1603.3846	1005.2632	1826.2145	1355.7171	1198.4069	416.4459	2056.03135	777.4489	1647.4954	1445.7672	2196.1131	550.6363	431.1891	436.56315	347.223	1800.4518	2123.7263	595.2365	595.52455	1384.8455
FYN	423.97495	494.1153	315.43635	394.0328	266.23345	1362.1518	411.0921	772.1239	610.0692	747.8754	208.7766	403.03935	562.0999	1357.2603	989.4158	2213.0742	528.5714	550.2137	740.74535	792.3338	1238.6081	1420	276.9988	714.18535	1682.3687
GLG1	3685.1935	3682.6129	3639.00765	4632.4549	8167.53195	6319.5377	6035.8845	4480.7818	5106.2335	3293.9445	4502.9431	4551.0188	4611.87635	4281.757	5555.1253	6736.9637	4137.252	4858.2872	6592.70295	6543.37505	4284.3639	4573.6024	5096.36585	4566.628	6195.27565
GLI2	27.86005	69.60085	29.26345	68.5579	8.41165	77.7027	7.6816	94.2225	196.6002	233.9499	66.0066	65.52885	36.34885	136.0533	127.6525	339.9293	77.2945	23.7192	31.65415	34.80815	89.7416	105.5789	114.94475	122.43945	299.54975
GLI3	281.22565	1120.04045	414.8573	65.3671	23.39715	167.2375	158.1428	183.2192	466.0947	484.4608	232.6478	65.85215	106.10285	485.7143	1423.1205	1787.9859	156.7091	102.572	163.8792	187.25155	387.5325	395.1249	525.59385	480.57865	886.35655
GNAS	23569.7285	25557.0453	18436.0672	16467.8674	54584.54945	20042.5691	21791.6948	20697.3926	22716.4071	32651.0417	19636.1124	20994.78485	43891.9357	18238.1715	20948.8561	21646.2898	14926.9384	23707.3979	19953.73415	20574.53995	16572.6664	18368.9131	18925.1142	16116.7732	23562.0335
GOLPH3	2224.12055	3155.2824	2344.9002	2589.1082	2825.877	2206.2628	1726.7421	3578.0385	3219.8912	3130.092	5485.0403	2653.80515	2109.8309	2251.895	2522.4215	2268.9513	2916.2987	2666.8711	2681.52775	2380.2621	2849.1532	2709.0407	4063.46835	3228.473	2127.52375
GPAM	258.68385	420.3499	252.44475	304.3995	848.15625	234.4437	265.6273	345.6862	303.46	284.2486	298.2908	331.3062	313.6669	264.7059	5679.8906	303.9604	295.0363	354.1513	433.6598	369.60345	341.0364	357.1065	346.0098	316.33375	325.34695
GPM6B	43.4014	131.45155	74.99355	24.9262	16.12955	35.8437	79.8452	88.2534	121.6247	488.6544	232.4115	30.49525	375.5855	211.0787	844.8656	109.894	173.9796	293.0629	268.4314	197.64685	562.3976	488.1394	551.6975	392.3609	292.94275
GRHL2	1688.98915	1833.2986	1664.55485	1135.7369	776.77465	1.938	1.3562	1123.778	1737.4297	950.052	3345.2261	1189.81705	1592.45735	1143.321	1229.5985	9.5406	830.4675	698.0827	457.9055	427.85715	623.4402	536.3026	2450.94615	675.3074	345.293
HCK	155.15185	292.783	286.9434	229.4648	243.89995	461.8685	280.0829	609.7786	737.9967	254.0443	110.3959	173.55795	173.92575	222.8654	220.2552	204.9505	554.2804	94.2786	94.4488	85.52295	1644.958	1909.7083	146.4165	427.18015	96.6127
HES1	2530.28185	1173.688	2102.149	1503.1552	365.0849	948.6776	959.2224	913.7074	1192.4812	890.8407	1856.3711	1545.03755	1250.10405	1733.6986	1216.8254	802.8269	1498.7911	1844.6636	1268.3278	1281.47955	637.9453	594.4866	1956.98305	1443.1224	787.7648
HHLA2	0.1206	0.354	0.62385	530.3352	0.6799	1322.9164	678.6967	32.0347	7.6059	2.0824	2.1164	526.4269	11.73225	0.5252	0.317	0.7067	5011.7672	20.044	109.14695	139.40115	84.399	65.4997	1.46465	3693.86125	1.0816
HOXA7	254.8386	49.3424	290.5254	345.5017	1036.94575	229.3746	558.8218	28.7131	55.1358	30.2916	69.0035	331.1799	63.13415	248.5084	372.8673	187.1089	397.4762	775.2914	642.5691	662.57755	72.19	81.5788	166.095	284.6869	178.2848
HSPH1	3312.66755	2778.55455	2873.66235	4096.4427	2630.0579	968.7875	1466.171	1973.5947	2965.4498	2114.5675	1520.5717	5852.55085	2235.3024	2024.1926	1770.0201	1237.4558	1360.0892	1470.6297	1794.41855	1618.7466	1646.1419	1766.5	1786.2258	1229.63245	1746.22195
IBSP	6.9626	23.47095	2.32955	6.9499	0.50855	3.5279	0.4568	8.3091	9.3257	18.6314	0	7.20075	4.6968	0	0	0	0	0	0	0	0.7298	0.4331	0	0	0
ICAM1	1121.53475	1109.7046	1740.6556	1017.9567	350.20705	3118.3366	1457.8261	8062.469	2474.4376	2131.4141	617.1525	957.0376	1034.4885	1056.5598	890.65	878.7986	625.2485	969.4572	955.777	910.61415	12286.8976	15768.6993	479.79655	592.21685	602.11155
ICAM2	249.1982	224.0814	128.75335	306.8084	243.69665	798.665	432.761	469.4403	212.6663	132.5882	138.6535	263.0214	312.98225	575.172	646.1375	1202.7527	406.8369	746.3026	554.229	568.0703	1224.4849	1446.6144	179.68245	405.8085	595.9828
ICAM4	11.7246	4.14075	27.32195	6.7035	25.87055	8.3196	6.9866	136.6077	35.7539	24.6738	5.2219	6.51745	7.3114	25.8824	8.5679	10.5611	19.4611	8.2699	5.2375	8.67595	379.8041	441.1226	10.4214	15.68575	8.54665
ICAM5	11.8632	3.39415	30.0826	4.4732	32.1677	2.381	3.4207	106.5675	47.4083	55.5885	3.3076	4.0124	9.7543	7.6471	17.1804	8.5809	3.1889	11.3832	4.9656	7.391	256.656	218.7328	3.19305	1.507	2.81345
IFT74	238.3746	362.9594	239.19985	343.7604	164.253	268.5768	321.1632	211.4444	191.0786	275.2034	353.4426	395.9564	315.2062	302.5095	363.109	315.1815	359.6408	456.4124	452.1782	361.3964	224.0446	247.3567	327.9999	363.4263	408.4326
IGF1	35.72365	264.5743	65.7151	38.4123	398.00005	128.7655	37.2747	175.3372	134.8369	608.4821	580.3907	42.56925	331.19965	587.1433	1802.9586	1041.2611	221.6315	104.1029	142.5115	113.4192	272.1281	278.9741	1022.04015	268.4869	1633.90695
IGFBP2	638.658	2281.99615	1650.2116	2777.0038	180.00895	323.2795	301.3889	1618.0082	9380.1653	14873.1346	5632.055	2711.6209	7733.3097	3094.2895	1432.1739	1788.7789	2299.269	3137.6428	2234.0671	2376.1092	1334.7339	1256.4306	3590.96415	882.7151	3043.22625
IGSF9	792.77355	866.8316	1034.25765	349.3315	49.75365	3.3852	6.0981	434.0442	1290.202	1826.5144	448.6572	386.30155	1046.52325	227.6715	267.1248	26.5018	1333.9117	52.87	26.6945	37.79525	35.7143	42.132	378.61865	679.5362	105.0427
IL12RB1	23.50055	33.8532	47.47415	53.2508	20.4737	89.7821	27.5535	76.1913	51.8489	33.0694	14.7857	37.83615	33.78195	28.2353	23.8316	17.4917	91.3024	8.8072	11.1682	13.4016	170.704	183.729	13.74615	58.72165	12.5485
IL18R1	49.5617	40.9539	67.0268	45.4173	12.384	196.8647	85.4743	70.9004	87.1935	37.9377	30.5062	39.652	59.1462	60.5882	70.7705	68.9769	84.2105	75.4509	68.74745	62.47785	206.9773	241.0225	45.94165	58.89115	62.64795
IL2	0	0.2647	0	0	0	0.3771	0	0.4963	0	0	0	0	0	227.9412	203.9538	127.2104	445.7023	39.0487	43.5298	40.31445	451.3588	606.9213	146.31285	312.75945	249.8904
IL4R	2334.37825	1007.37245	3035.3072	1740.3946	246.4898	1600.6171	1384.1029	1977.7348	1529.0758	555.5556	872.4861	1720.30245	716.87815	2588.2353	1420.4531	1940.9241	2732.3917	610.7357	521.74875	538.53035	2203.407	2361.7785	1194.84265	2244.9119	1048.2924
IL7	31.9425	15.33235	47.42955	122.8627	15.64	90.0061	48.8401	67.9426	45.1367	15.3665	37.2427	108.1851	18.3726	50.5882	36.2826	11.8812	177.3004	37.7114	36.4946	32.8662	92.5486	106.9124	42.56005	131.6596	35.3224
ITCH	1399.3013	1399.40005	1189.3175	1540.8859	1397.7205	1378.3465	1242.5765	1474.5031	1591.1625	1239.7826	1192.2883	1755.10405	892.3892	1318.0212	1585.2427	992.2261	1562.1863	1371.962	1747.83805	1370.32775	1281.6065	1304.6527	1455.2417	1713.45845	1046.0877
ITGA4	129.8099	316.6601	135.6538	250.3736	99.9682	931.5838	111.8824	467.8199	394.1782	205.9874	105.2201	273.89685	133.45535	246.9941	260.9865	206.198	517.5834	136.7912	195.729	136.5731	732.8136	826.6497	118.1422	576.6273	121.58485
ITGA6	2780.4019	1903.95095	4319.3815	8387.9748	9225.4628	4804.6486	2824.861	1133.1689	6850.8842	1348.8617	2463.3907	7762.95665	2111.26645	4663.5616	5159.3194	3367.1378	5374.6645	2955.9601	3843.40985	3840.23895	2105.3105	2353.5963	3423.9772	4784.59375	3360.88335
ITGA8	9.6582	26.48945	5.23685	14.851	24.4263	218.6342	5.6201	68.0575	20.8217	6.7302	159.3042	20.509	8.9529	405.2478	59.417	94.3112	123.4234	225.7246	408.28405	338.77535	442.577	586.5	470.5944	98.5903	154.0036
ITGAE	284.4852	221.73345	345.83715	242.3013	100.7947	156.5836	244.3395	302.4823	339.9892	169.5194	225.5997	208.21875	299.25375	312.616	239.805	273.9274	286.2823	197.2996	166.5541	158.3124	449.5177	503.4521	231.3559	234.22965	221.80835
ITGAL	133.0846	455.71165	251.4151	184.4289	88.7451	740.3226	280.8132	690.8055	377.8946	197.9855	135.3221	150.89245	248.86135	343.4109	272.7351	160.1097	510.5339	74.1277	104.99395	112.047	1891.231	2041.1765	126.82955	367.85255	212.5153
ITGB8	401.17965	420.0243	1427.4641	435.546	457.8032	2757.688	11586.1921	437.2197	1714.6691	3226.0015	408.5427	505.14375	1222.92755	635.0728	1298.6952	572.7915	205.9639	2387.2083	4315.49965	3916.75795	284.2679	328.3201	1096.5424	200.4052	871.5818
ITK	31.16195	61.04965	69.49245	43.29	13.54345	149.625	35.1446	132.4503	81.4815	25.154	30.2198	38.69685	32.28935	98.2353	63.0717	34.6535	96.194	19.7308	18.44095	19.69305	200.7201	303.2721	27.6958	100.1025	42.7957
JAK2	224.6228	399.22075	364.94955	299.2498	365.05555	447.0966	232.172	331.4358	302.1542	177.3005	233.9623	279.771	151.5867	549.8542	635.5184	457.9505	403.7925	418.105	485.3348	361.0615	624.4218	668.1034	346.6923	409.09445	474.63535
JAK3	292.6032	188.4231	277.9015	210.2336	73.232	546.8472	397.4115	499.3824	376.6603	356.2215	107.5613	196.8694	269.12405	248.062	168.7117	153.3569	192.6767	92.0981	84.6468	71.6582	231.2829	373.5229	106.47945	130.66625	155.15455
JMJD6	666.75565	448.72845	630.37755	598.7612	391.9278	521.8644	582.9633	551.1842	584.8534	394.3954	530.422	574.91815	497.22725	931.0954	437.3361	663.6042	454.9112	499.9562	333.646	389.2928	474.5634	493.1993	534.46715	466.523	496.01875
KANK1	968.06075	707.85405	715.62315	1200.7741	1515.4066	1643.0493	1272.4868	628.311	676.6667	818.1436	1242.0778	1240.0943	1004.3009	3417.4397	2718.1054	3208.8339	1077.0378	1840.2546	2325.46795	2193.7579	1172.9692	1184.3907	2567.9402	1213.12235	2583.34535
KIF14	250.6917	173.8318	391.6105	251.5819	6.9136	25.8413	10.3922	149.1958	337.9143	166.0109	12.7452	253.9847	190.2452	15.329	11.7086	3.6304	50.6958	2.2183	3.5808	2.55995	10.1695	9.5955	4.74435	61.79435	8.01025
KIFAP3	626.24955	1177.45655	707.28	639.9457	584.94605	1029.185	735.266	794.7351	740.7143	696.5531	542.4644	715.27495	625.01705	593.6396	928.9978	894.8595	1143.0518	934.5273	1087.49655	937.8084	876.8511	838.1119	615.84675	846.26455	758.55845
KITLG	275.0523	1109.68095	591.18235	544.7603	1669.39685	700.3383	1550.3493	1715.0896	1323.1681	126.135	402.9163	471.28145	188.37885	640.6643	1114.8492	1046.5347	1210.4152	1901.5584	2308.16305	1596.25295	2202.0815	2051.3699	1024.43705	1247.06705	977.48445
KNG1	0	0	0	1.9546	124.39	1.224	0.5584	0	0	0	0	7.5475	0.88845	0	0	0	32.6829	19263.7409	20343.7137	17167.04135	0.3086	0.3883	0	38.9094	0
LAMB1	4582.9787	3612.93495	2200.1872	4084.3936	8570.55685	4845.2033	16131.8477	2650.3206	3963.3441	1015.8197	1117.7351	4304.6415	3617.33035	4151.5985	4872.508	4325.7951	3191.9903	7657.1231	7714.97765	8110.9312	3319.5616	4344.7725	1817.81375	3376.3128	5065.5704
LAMB4	1.3885	1.63305	0.84085	0.9058	254.7734	5.7118	15.4407	1.773	2.8916	0.9033	1.1932	0.9078	8.69175	2.9412	2.6613	0.3534	1.2029	54.6825	56.4619	54.16	2.5052	5.0095	2.01805	1.6885	1.72535
LAMC2	2037.47315	882.35515	4960.2469	3624.4131	52.4183	166.1881	1671.1052	3300.4234	7366.9896	2823.1381	672.6279	3435.34995	3334.54725	530.5445	4048.1928	100.3534	1941.3694	1121.1743	1026.68865	861.6194	3501.5576	3402.7611	708.71525	1911.1602	1340.6283
LEPR	127.3111	155.28	121.80965	111.9098	89.0422	473.149	306.3855	291.6736	179.833	186.7893	264.2403	139.833	152.9571	653.2012	1686.1936	1093.2244	279.6068	784.4967	783.6145	488.1196	1492.8801	1272.209	482.45965	474.6833	1819.477
LFNG	458.5397	825.81525	360.5489	2159.4488	63.2789	283.8294	458.1124	1012.9573	362.3937	274.6586	1432.9687	2257.14025	694.022	431.8787	632.2566	371.3781	1293.4992	245.4579	199.162	237.16675	579.931	603.6249	647.47875	1137.78985	516.74015
LIMA1	2792.93825	2794.5339	2735.14595	3225.5892	8569.79365	2209.2574	1397.9187	1806.7169	3566.6179	840.3491	2215.7635	2859.13335	996.10555	3013.9147	4483.9937	1425.634	8607.8529	2663.9758	2618.6638	2129.19005	2132.2034	2227.8532	2773.02975	7657.85565	1543.7371
LPXN	189.20295	309.65765	228.24875	227.589	193.02245	445.2187	427.7016	448.8744	303.2552	219.8445	223.7154	210.7134	213.95015	409.4896	249.5567	161.3861	371.7949	227.0926	184.0551	199.8599	1003.112	1132.0297	209.4902	344.0494	235.23795
LY9	11.8362	26.25965	21.2644	14.2609	8.2426	46.3878	18.8991	81.3439	58.16	14.1389	14.8148	10.2912	20.0735	39.5349	31.4108	14.5215	114.2256	5.7703	5.9442	7.9095	59.2593	85.7332	19.41195	114.9843	17.78585
MAD1L1	659.1059	386.92495	591.4516	453.8136	402.30965	353.8323	812.7579	518.0442	476.4297	549.1645	548.3871	466.449	855.9274	430.5162	312.3886	450.8251	372.4908	344.6473	292.5824	365.0206	456.337	484.8712	404.0831	369.0706	525.85315
MADCAM1	1.24985	1.08315	1.00255	3.9246	1.777	0.969	1.7609	2.1882	1.7902	1.5994	2.3477	6.24125	3.72615	0.7236	1.0225	0.3534	111.8558	0.3594	0.498	0.8537	0.9636	2.2239	1.36015	115.9347	1.26685
MAP3K8	297.383	162.68095	277.12635	185.219	104.45435	160.7807	126.5823	297.037	253.3012	288.3987	58.9835	200.24645	195.7887	811.421	460.2792	381.6313	152.3998	107.0487	89.5389	91.6306	676.2346	830.407	105.49055	171.65545	276.816
MAPK1	2212.39355	2914.261	2561.2999	2672.6392	4199.13065	5013.6609	2645.4721	2825.8914	3561.0086	2362.8555	2868.649	2729.62565	2291.92345	1475.2791	1656.2258	3064.6643	1800	1312.6835	1492.40895	1292.2511	1568.554	1579.4805	1089.8405	1816.1124	1699.46045
MAPK10	286.47925	65.5792	42.28965	13.2845	54.6746	259.4468	301.0535	56.5593	137.5824	37.0561	581.3983	19.3832	92.4031	2812.2102	3501.6221	2453.3569	3449.7773	3598.4822	4382.03795	3654.3211	3382.6367	3645.8196	3218.4382	3497.42855	2395.81655
MAPK8	179.8966	281.16755	225.7201	265.4623	213.26385	236.4865	174.397	229.065	268.8953	253.4191	240.152	267.79985	213.8643	189.9293	330.653	154.7703	277.6754	315.7895	349.9124	296.90735	201.7428	225.2192	280.986	296.4361	198.31725
MAPK9	763.13395	1255.14825	838.918	1026.5338	1232.6254	1148.3965	870.9677	1104.9793	731.9686	742.0061	1206.0555	1028.0728	774.12525	824.5798	1033.0882	809.8698	1149.9443	944.3466	1027.32355	899.11055	1155.5851	1122.6924	1139.4819	1236.1299	874.255
MAPKAP1	1524.4243	1640.5221	1590.10425	1696.3583	2098.91435	1213.7026	1697.289	1474.6544	1782.9006	1913.8626	1721.8794	1833.55575	1524.4323	1693.0233	1685.3571	1356.5371	1725.0347	1749.6014	1736.14785	1866.86025	1537.8151	1572.2812	1820.47275	1972.2641	1503.22935
MCAM	1509.8271	1847.6335	1000.5543	1329.0938	1911.20805	8911.453	2089.4391	1601.8412	1503.4415	1339.2032	1321.8502	1479.1548	1264.25655	4540.8498	6725.8979	7185.7437	1485.0822	2212.0465	1778.058	1744.95195	2816.857	3338.6651	2694.01545	2757.23415	4501.29845
MET	1533.98895	344.18585	1712.8881	3292.9818	8402.26055	6170.5004	11371.5342	3668.3347	2414.4654	461.4223	329.0807	3459.36385	1072.2724	398.5547	398.706	192.2261	276.3419	228.9879	288.53865	269.11075	186.5544	202.6144	376.0367	381.06125	273.9776
MPDZ	272.24015	686.31745	101.29365	91.4256	485.5391	771.7376	503.0471	378.4147	294.2326	334.1636	895.5861	105.5121	333.88555	813.1263	1713.5863	1230.3887	209.9567	982.0007	1294.33355	1077.3145	889.6122	933.687	1239.1424	545.91465	1131.69245
MYB	77.9126	1656.24235	172.7581	1789.8215	0.90095	8.4609	6.1538	89.1547	129.0504	213.9693	154.8694	1930.86575	226.153	28.2353	857.5458	12.2112	1440.6154	0.92	1.06225	0.9905	129.7079	121.6104	96.57565	1204.19375	38.20035
MYH9	23812.96315	26137.9993	22198.3296	29223.5434	37406.3905	27322.4274	15953.1583	26669.5906	30742.1239	19233.6236	17845.4576	28921.1608	22910.10335	22892.9088	30513.3522	32068.5512	39636.9689	22418.4446	24648.96685	27116.4399	33345.5052	40554.6688	18501.2638	35820.9044	33174.9093
MYLK	935.89485	1749.65155	555.9381	1344.5997	1013.65555	5039.3212	1074.2857	1775.5319	1804.5796	1693.3245	9665.0564	1625.5631	981.0508	11773.6434	11518.4327	27396.1095	8479.645	4724.5157	5905.96725	5156.95995	5203.1417	5188.9786	34467.3385	27833.6215	18740.1337
NCK2	1151.47865	842.0621	1232.87265	1386.871	670.36755	1479.6256	1231.3204	959.1398	1184.0259	1521.1605	911.9279	1472.0424	1361.5197	1317.1378	1091.3706	1095.0495	1453.4777	1005.5914	844.03955	989.75115	1000.904	1018.7275	956.41425	1332.1431	1290.11175
NEDD4	362.14615	452.7657	351.3123	400.5421	140.4225	751.4623	270.9138	285.5163	375.975	108.0861	267.4372	475.88705	86.7	1214.2466	2135.4309	518.7114	3025.6396	3716.2311	4659.6779	4478.2317	4535.3107	3850.1529	4341.8722	3130.89145	508.6525
NEDD9	1080.93215	957.8719	557.62695	1268.1253	1025.87405	2881.4574	923.6337	2267.5312	1584.6798	761.9964	1544.4822	1048.45725	1313.9786	2394.4328	2792.2982	1574.9117	2566.8989	3274.3575	3256.4913	2937.776	9081.5949	8447.6257	2328.6677	2784.0129	1303.69295
NEO1	706.99525	1629.2505	1048.84435	2512.6824	1641.985	1942.7131	1736.0653	1098.4375	1870.0565	3260.3864	3395.4208	2465.8668	1700.66215	1135.6033	2162.2558	1437.6238	5248.8867	1607.2241	2364.95155	2281.70165	1901.2837	1729.737	3407.1662	5306.8932	2119.1891
NKAP	391.9322	387.0966	401.2563	439.8361	404.0024	296.9993	278.2534	390.7057	373.0985	308.1001	353.8296	507.0952	279.70335	351.3655	329.2484	525.2913	304.2143	344.0575	276.82835	286.003	357.1429	347.7427	341.66825	310.0321	380.12915
NR4A3	84.232	59.6205	54.2098	50	127.38365	208.4534	34.9727	118.2876	95.2018	45.4147	148.9148	51.92535	31.4504	2154.7282	266.387	529.703	59.0737	488.7279	675.6815	960.80645	1023.8095	1362.5856	387.59615	338.996	145.52215
NRCAM	37.5244	90.16115	36.98725	32.1821	1317.94085	714.0017	766.1765	68.2249	647.2944	636.6286	126.8217	34.3303	533.5909	18.2353	91.3895	86.2191	33.4186	877.7739	887.92845	714.64835	116.8186	143.6093	77.6365	38.43335	222.51965
NRP2	450.42565	864.20565	647.64975	461.7769	389.70745	1411.5044	254.2128	1267.749	1174.5152	1194.7047	320.207	621.14655	703.7838	992.7212	1058.8737	3976.2376	589.9066	269.181	386.13665	321.909	1920.1807	2039.0341	775.39105	1527.29655	2441.77035
NRXN2	18.9695	54.41875	30.0293	53.1379	10.64845	534.9065	430.1882	27.4757	39.1156	204.9102	106.6715	83.0901	143.39815	130.555	83.4306	632.7622	131.1141	124.5073	214.93655	272.36535	25.7266	31.8631	102.56575	313.274	995.00475
NRXN3	59.00175	33.28755	4.28505	73.1328	1791.32125	149.3789	73.3854	88.5998	110.5046	81.7638	115.4993	94.92115	68.5549	139.9417	63.2264	142.5634	104.8986	51.5274	84.06965	84.9978	233.6821	217.0644	290.4038	276.91155	115.8199
NTN1	70.4789	321.089	326.0156	79.0976	3581.2331	38.8751	20.1944	195.6863	596.0452	698.2002	173.0981	73.69305	881.2263	532.0378	371.0317	643.7286	499.4331	186.1011	185.21625	216.61625	326.9028	388.1322	404.62915	853.67165	1076.365
ONECUT2	31.20015	11.9906	63.49495	60.6707	21.36065	4.8887	54.1041	26.7215	24.3987	20.7769	101.7964	53.82015	28.59455	8.5271	6.0634	2.6403	14.6221	12.3655	15.10095	10.69395	1.8567	2.3304	11.83575	10.04255	5.1142
PAG1	348.6644	246.9712	221.2419	485.6911	217.6734	1067.8957	296.7033	805.2083	324.6614	199.1061	314.6654	505.5983	169.79455	412.9412	205.6114	185.3324	1771.3718	211.9809	291.21705	219.22225	1241.5105	1307.7385	315.97575	1479.42805	165.40905
PAK3	0.4684	3.4295	0.32825	0.5559	0.3813	8.2652	1.5874	4.0821	1.4535	3.4396	5.1233	0.8565	1.5798	2.7397	66.19	6.2706	2.9488	5.8175	6.96505	5.1936	4.9383	7	31.9416	4.9933	14.6325
PCDH11X	0.5685	1.4378	0.404	0	0.69125	1.6903	0	0.9186	0.785	0.7701	3.3473	0	7.12375	3.6765	19.3871	5.6106	4.0816	7.3286	7.0053	3.70375	6.6293	3.9949	9.4036	9.9517	5.795
PCDH17	103.7977	192.9567	50.99405	105.8412	222.3205	895.0307	17.1053	310.4244	258.1869	93.9901	84.9502	137.78045	148.38715	122.178	78.1065	159.736	53.3278	144.5286	207.22805	166.8258	1082.8313	1288.1553	87.089	89.25855	292.30625
PCDHA6	3.4883	24.67745	2.75685	3.8645	7.94155	35.917	23.9839	20.624	8.8735	14.7571	17.2734	3.19155	26.91125	6.956	55.9383	51.417	6.9826	60.2505	79.1076	69.54645	24.7376	29.8098	14.85485	9.10225	58.7849
PCDHB10	64.14225	64.6616	48.456	45.1025	22.431	175.8355	97.8702	59.7381	75.4247	60.7836	107.6257	46.2076	183.9013	86.35	94.0367	200.7067	32.9703	47.1108	49.2229	49.86945	70.7831	70.133	56.15365	56.57455	214.73785
PCDHB14	159.6239	97.3914	120.43805	117.3733	46.0752	224.7791	175.9398	100.7812	146.7104	97.396	143.8992	120.54455	233.1188	191.6961	173.14	235.3357	74.4195	81.7514	93.6639	95.81455	82.5923	84.148	114.66775	73.871	290.5114
PCDHB3	13.31395	34.62165	6.8637	10.0962	12.1534	68.898	31.7092	25.5845	25.2125	32.2004	47.6689	10.06435	151.40365	33.2149	93.3293	86.9258	21.8029	87.8677	86.6548	87.12015	49.5356	45.5563	47.36095	19.4042	87.08305
PCDHB4	35.30115	76.3124	10.62255	20.227	22.3852	130.913	48.1248	47.9079	41.3832	27.5911	77.7623	21.93585	98.4345	131.9629	227.6124	286.7987	46.3974	146.6859	131.64975	122.1537	104.2373	101.7087	105.03935	68.063	290.4259
PCDHB7	35.7435	43.02185	16.77645	18.3671	13.0713	90.5874	46.6472	47.9735	43.08	29.9672	50.1856	17.6412	71.41125	99.8233	126.025	319.788	30.7317	90.0184	75.8533	68.46785	101.6155	104.9948	47.47785	49.28605	261.15555
PDGFB	412.7449	813.2589	218.5846	289.4654	359.23275	1339.8909	301.5407	406.2054	454.2276	509.0058	230.6817	327.64445	437.96645	306.1036	793.0269	704.2904	176.5766	1246.9524	875.5657	899.9116	1241.5966	1520.1199	249.8819	254.44005	594.29605
PERP	13259.8644	4707.3116	26135.66285	9280.1376	1447.22575	2274.4897	3753.5464	4896.8622	27612.4681	3796.3986	4216.6783	11778.6633	4876.4689	5307.8689	6582.0106	1859.7173	4109.3557	3046.84	2174.00605	1883.1333	2844.5378	2673.9528	6273.21285	4839.94955	2303.50775
PGF	281.11595	155.34025	300.39725	146.4893	170.80625	1428.3657	58.4615	161.682	496.5492	87.1175	71.3472	170.4613	95.86675	182.8303	172.3226	183.1683	71.6633	130.4563	98.358	109.34385	56.7237	85.4229	224.71925	59.45695	188.3807
PIK3CA	381.13355	531.5678	479.9073	269.3837	373.14055	482.9385	274.0259	367.686	792.233	456.2447	287.3429	306.0535	232.72295	474.0525	889.7813	307.7739	299.3653	387.4859	581.1778	417.92525	480.5915	490.0104	382.17605	366.6165	325.88205
PIK3CB	676.04955	1050.6515	973.86545	1032.6042	791.10395	1387.3013	1146.6437	881.0217	1002.1082	879.4207	1150.8457	1108.58385	575.028	696.793	1100.9434	583.3922	1220.1789	1284.1942	1700.48065	1397.8279	850.998	804.2578	1099.7554	1203.2674	512.27215
PIK3CG	26.77135	75.26545	25.63175	42.1607	32.6454	173.2326	36.9212	131.4295	75.0682	60.0616	21.2373	33.60475	21.21845	48.4728	103.278	31.8021	174.8072	41.0948	72.55865	41.5711	262.226	289.5	34.3607	204.7772	28.5625
PKD1	1132.8533	1374.46795	1415.44905	1394.5224	2391.9386	1552.2001	1711.2782	1272.3881	1405.0521	1441.8191	1713.8382	1335.7824	1973.2028	2198.7882	2057.1956	4721.4521	1445.5935	1140.7382	845.7953	1398.37375	1721.4096	1928.7467	2165.0641	1828.81685	3432.63565
PKD2	441.4912	528.94285	365.2991	298.094	980.8862	2488.2409	2958.5148	617.3694	603.8685	439.8734	628.7925	319.8052	529.0153	0.8293	1.0703	1.1131	0.5952	0.6461	0.67235	0.4483	0.6189	0.7629	0.77905	0.40275	1.04615
PKN2	1228.7334	1117.28635	1345.42475	1165.3418	907.96495	1227.654	946.3883	1115.5995	1185.5612	1026.8006	986.6768	1184.3005	768.38605	1343.692	1698.7434	1038.2838	1330.9783	1121.8278	1310.7291	1033.98275	1141.9234	1127.3609	1227.3775	1503.12345	1234.4286
PKP2	390.84175	397.5651	410.3799	2559.2484	382.01715	334.0122	181.6891	182.145	432.9378	1558.4821	505.9	2248.31185	667.45745	220.4515	650.8601	185.5124	4519.2281	255.7968	330.3466	331.5975	73.9372	85.6069	661.37385	3765.806	276.499
PPFIBP1	758.90545	1180.28	1038.3162	744.6352	871.05555	2999.6127	3451.8531	758.2066	1355.9557	2220.969	854.5756	727.65145	763.69215	1445.5139	1926.5458	1416.3125	550.2439	2030.8646	2347.3786	2028.9255	2171.1636	2069.1262	1285.9645	873.93845	1179.96625
PPP1R12A	1228.38105	1302.2306	1209.76875	1111.4625	1143.0155	1341.4029	900.7149	1182.4104	1416.3522	1093.9425	1525.5449	1202.0092	843.81835	2167.4419	2005.814	2884.4523	1280.7512	1049.0092	1225.20985	951.97415	1382.0207	1467.7494	2467.1572	2028.66375	2357.1023
PPP2R1A	7794.12715	6087.7457	6030.77925	6907.0664	7929.9174	6091.5008	8055.7581	5080.5664	5975.3712	6976.3943	8013.9107	6337.4073	10925.1269	7062.3907	4381.413	8192.9329	7480.4204	8036.9203	6611.6798	8080.21115	4417.3669	4742.408	7295.8476	6508.6011	7473.26685
PPP3CB	891.63985	1294.6058	784.6634	763.7993	698.24105	931.1197	795.3534	1013.0597	954.0993	987.6289	1279.0956	745.3955	902.08605	1586.8877	1681.5192	1989.3993	971.172	1215.9779	1259.9205	1108.83105	1133.7868	1148.5598	1707.47125	1425.4765	1665.25685
PREX1	553.19055	3314.01705	422.58965	523.7332	835.82475	2065.324	630.5931	925.5738	703.3708	882.3173	519.2734	525.02145	778.0135	535.497	1790.038	594.3797	784.1052	607.991	739.10605	769.57045	2468.14	2736.0335	660.1601	772.45565	510.2473
PRKCQ	26.19135	22.82565	84.54435	66.0759	32.3528	128.9389	225.6422	72.694	72.4617	251.5688	18.4011	69.9546	141.2885	56.8486	38.7597	47.1556	48.4211	549.9453	487.58175	419.03035	294.2561	283.4794	33.7582	59.6284	196.10015
PRLR	12.80425	4272.07255	49.1383	438.4134	2033.2465	154.0024	70.0357	74.3295	42.9585	38.7445	132.3631	606.499	219.61225	30.8737	2458.5383	2236.9637	459.6212	364.4133	1014.54375	1448.70665	60.4922	53.4717	138.5494	571.9921	1212.8327
PSEN1	1701.46715	2056.8844	1848.43455	2030.4721	2130.6967	1645.0286	1991.5749	2038.8087	1787.0516	1616.5735	1822.4044	1977.4724	1710.8407	1461.9178	1873.5294	1430.5689	3362.8353	1838.1962	2078.28775	1859.17385	2103.537	2076.8776	1837.78785	2862.24675	1480.78065
PTGER3	20.3836	416.3372	10.079	46.2477	13294.6448	871.6792	3.1679	21.8069	20.1501	71.2982	54.9294	42.81255	14.411	129.4534	1452.0082	6254.894	104.355	6776.6579	7523.87245	6306.8693	72.9011	46.3437	139.5823	225.7229	1696.21315
PTK2B	705.0208	578.42	987.31255	1032.9425	1695.7979	609.5837	701.4189	997.8575	1069.2723	505.097	1240.0503	922.631	522.90835	914.2743	673.9492	713.9136	2572.2086	924.4567	933.5567	1084.73975	1646.0708	1796.7877	1375.77685	2060.8061	633.391
PTK7	2586.93535	2712.8139	2804.27305	1572.9477	693.18485	593.3301	1338.6119	3609.6257	3677.0944	3842.9247	2777.49	1941.0768	5347.6288	1282.1705	1644.683	3628.7129	499.7316	1175.1471	1047.83225	1151.74515	2517.8733	2620.3947	2473.5622	486.31805	5469.20655
PTN	216.72935	158.84675	105.47735	35.4906	139.27325	206.4764	96.6363	81.7512	362.5828	317.2975	847.6929	52.7493	196.13445	655.477	2337.8924	2748.5149	208.0444	412.5995	371.74505	406.0021	305.6518	309.2248	2204.8351	469.0509	1294.63595
PTPRC	240.39585	753.6627	495.51935	414.3616	284.3877	1530.6312	410.7143	1338.3602	847.9641	380.3318	277.2574	354.67585	231.41265	595.8005	702.8266	332.0132	1062.8544	188.4431	307.084	271.8156	2795.4438	3307.7357	373.09555	1089.99125	313.7939
PTPRZ1	4.28855	8.11205	310.3497	1.7921	0.3923	0.9002	0.2297	27.8989	1909.837	1.3822	19.9307	2.14	0.9676	54.7059	294.592	7.2607	35.6374	6.554	8.704	7.86725	32.2129	53.6913	84.1424	120.3651	3.07255
RAB27A	310.6781	415.02215	486.7114	409.5064	444.0374	454.3058	181.4689	1113.3776	503.1606	311.9315	1357.3446	387.731	212.2084	654.6195	545.1014	517.0665	1206.2291	498.3005	448.8701	311.1522	1598.4043	1619.281	1661.17165	1302.1907	362.7366
RAP1A	1257.44585	1160.45485	1218.33575	1114.6266	1066.15345	1512.5081	960.9029	1403.7325	1126.7829	1158.2847	1223.1432	1170.8447	750.33285	2067.3844	1393.3329	1705.8259	2133.1186	1423.76	1577.36935	1228.7531	2089.9087	2007.7835	1689.1099	2973.9228	1222.06085
RAPGEF1	1332.564	1637.33425	1367.65965	1719.9815	3339.8748	2989.8759	1901.5974	1941.7476	2040.9835	1839.4866	1536.0581	1666.1491	1375.2331	1833.4247	2446.1596	1898.2332	2338.2763	1969.4172	2097.20535	2379.51	3485.5932	3630.4139	1658.32135	2169.4232	1964.4145
RASGRF1	20.2026	20.5685	13.47945	11.6059	3.7635	9.324	15.0317	126.1307	31.163	13.0895	6.6651	14.5605	45.56455	8.2503	17.5707	11.2211	11.1935	10.5671	15.3964	20.6416	1317.3432	1229.83	22.7758	14.3388	111.60885
RC3H2	221.47345	420.0587	288.3975	311.9891	439.6147	409.9619	180.1415	317.8294	416.7857	366.2252	264.674	368.81915	237.24845	327.7385	616.5011	152.2968	297.1181	442.3676	620.8568	484.6114	372.6813	418.8462	341.79055	345.1335	169.9952
RHOA	10351.5257	11511.64725	9883.0004	11220.403	9455.97355	8981.7949	10826.0198	11623.0325	8277.8731	12498.7379	8136.4379	11372.55615	8531.56	12479.6651	11326.4397	14098.9719	12683.8392	10387.3239	10182.3102	9084.1604	15936.4947	15777.5268	9150.34395	13405.6406	10266.8611
RND3	1274.06305	700.61935	1827.1584	906.5674	337.2467	812.0411	966.8212	587.8378	1725.8193	776.0417	456.261	996.1028	707.163	2933.9688	2626.6417	789.7527	1184.4864	590.2332	618.97195	475.7718	930.6313	978.4143	1214.96555	1190.11	1752.09085
ROCK1	1032.08745	1480.79915	935.4192	926.6666	1413.1767	1518.0872	800.7663	1276.8089	1213.4021	960.9435	1232.1766	838.84715	898.3294	1549.4418	2051.3665	1174.9117	1101.3395	1221.936	1512.78855	1205.1586	1801.9884	1917.2166	1596.49655	1329.28505	1226.5785
RORA	116.45715	314.986	236.04735	106.5271	406.88785	1118.6676	530.2594	338.9791	502.907	180.9262	302.5712	134.1944	126.98695	447.4313	607.3341	505.5517	198.0151	625.3246	821.50265	683.2474	918.5868	827.2913	399.18915	246.07085	457.7403
RREB1	819.99965	1190.4375	1067.0642	1297.4052	1205.2224	1004.4097	1071.7034	1269.0058	1223.7674	1559.2321	1095.2646	1253.03885	1324.86645	780.3799	1369.1932	461.7162	2055.0763	1041.1313	1107.50255	1288.95195	1257.0988	1204.7912	1080.3291	1701.08425	703.02365
RS1	1.9239	0.9911	1.05665	0.4943	0.7729	3.0928	6.5455	2.7559	1.1442	1.0777	1.9048	0.88265	1.1958	0.9648	1.9166	2.3102	0.7485	6.8823	6.4095	5.8557	95.8691	87.7832	1.96735	0.4741	2.99505
RUNX2	268.90015	333.99325	242.542	158.1451	33.1997	184.3487	96.9604	304.9442	329.8464	245.4844	158.1842	180.26215	98.3024	201.1952	170.6774	93.3993	147.7215	51.2904	52.5654	42.22735	117.5779	138.9076	252.0394	146.8435	76.84395
SDC4	8559.3098	5740.7083	8340.3802	5477.4552	26282.47285	6342.0861	12445.4033	9632.8785	4823.1077	4646.6944	2237.0432	6715.7281	4105.99735	6016.9863	6477.6967	2340.636	4068.7805	10529.792	10223.22495	9927.5803	15302.2652	12899.9214	3433.73585	3735.73335	2209.15475
SELE	63.29805	97.64675	22.536	41.7728	26.42405	61.5744	3.9648	25.2738	37.3269	6.3018	196.5171	53.8279	12.5803	823.1606	156.8938	266.7845	14.2535	296.5354	185.46895	152.46615	132.4759	472.3115	389.2954	31.0496	64.8763
SEMA5A	1308.6074	632.39855	156.88835	1114.2163	432.04755	1303.2612	2051.9691	294.6794	270.1597	308.5509	202.3102	1245.1711	481.34565	968.0303	2326.9841	981.9788	1586.6881	1374.8678	2535.32855	3067.65725	2991.334	2318.0169	542.71835	1511.15765	1400.7108
SIRPG	23.5494	22.6339	43.60025	25.1114	3.543	52.3562	16.7131	54.4649	39.7494	17.3128	12.7011	22.04155	26.67075	43.6081	137.0558	42.9043	59.1317	78.8025	92.87005	88.99515	808.4721	728.2576	42.44195	49.11225	36.8802
SLAMF1	12.5832	22.85695	22.9652	22.9856	1.9393	30.168	10.9398	56.265	38.4994	10.2528	10.9025	21.71645	13.00475	24.407	23.4198	9.571	75.1935	5.4666	7.69845	9.70785	46.3368	72.3898	10.9503	47.8708	9.74435
SLK	1944.11945	1752.3611	1920.40235	1548.0474	1453.41995	1698.0546	1325.4516	1711.6088	1575.3981	710.055	1388.3492	1496.0889	720.49215	3269.4663	2566.3884	1206.3604	1623.7354	1723.0079	2376.1988	1804.15395	2116.358	2077.4601	1616.9108	2076.5622	1327.04975
SMOC2	224.17445	1463.0116	123.1666	757.817	113.8119	468.9876	77.2353	367.6856	397.6036	520.1661	2042.3077	900.31375	618.1667	3530.0087	2564.3844	10228.0528	821.154	613.8243	527.7587	339.91105	407.1596	561.5534	1734.09325	1264.3356	7295.06425
SORBS1	258.70035	798.0965	124.67705	860.5558	1517.43235	1866.3038	735.8009	421.1868	175.6321	404.2048	2207.9594	1095.77075	238.93535	5116.7123	8359.0566	3942.4263	2250.6185	974.8189	1105.2908	1112.4056	1368.4654	1537.9095	6415.0823	7198.7748	2997.7751
SORBS3	1228.90635	1745.225	1506.68655	1435.3958	725.96405	2492.6009	2061.1602	1317.5803	1516.3763	1514.3492	2530.9167	1253.76555	2136.26075	1971.5077	2451.2738	4371.6172	2649.3384	2071.0318	1758.64285	2267.36805	3040.4722	3289.1061	3076.94635	2334.1908	3787.27755
SOS1	1248.03935	1214.994	1011.08745	1023.309	976.38985	1435.6995	940.8222	1150.4917	1355.7549	1647.5763	1096.7082	1082.97785	1011.54165	1559.1837	2109.1867	1299.3399	1240.8399	916.9685	1302.81905	1062.74815	1162.7119	1163.1408	1446.09575	1167.07715	1326.7065
SOS2	730.0411	1048.61955	768.77605	742.2286	2062.5101	1118.9563	985.7417	900.6455	743.9381	880.3785	910.0735	780.50265	512.4141	1071.6846	1690.536	974.9117	1435.459	1321.7418	1687.26945	1381.7953	1106.7524	1109.5381	1191.8129	1293.46895	949.1952
SOX4	3826.24745	3810.933	2147.1082	3028.9289	980.8854	1535.0422	3729.7671	4510.3123	3276.9246	4073.9681	2412.0668	3499.4562	6453.464	1043.0756	2510.5432	1720.462	1000	2702.7122	2035.89475	1586.33705	1426.6427	1350.203	1251.8569	888.5255	3745.3183
SPP1	1296.5343	2968.90005	1260.3697	1020.1655	19330.9701	25080.207	109202.6276	5920.0903	8822.1239	8319.3047	298.8915	956.3791	3069.29975	159.4776	710.6703	328.2686	136.4715	27335.4359	44652.65175	37450.04505	232.0872	339.7355	150.0145	224.9098	371.64995
SSPN	346.75145	556.2184	165.4677	190.9914	89.57165	1035.6252	377.6518	305.9019	304.5977	1148.2068	502.6549	217.4115	185.17775	1218.0925	2023.1395	1668.9769	473.301	394.334	424.4138	331.97935	453.4198	482.3035	1094.5496	993.2147	1444.9742
SSX2IP	410.20615	629.7713	785.78515	677.94	213.6107	495.0986	589.9545	331.8898	599.7903	677.5378	445.4385	744.3745	497.9986	367.8108	303.426	398.5866	350.7743	705.5301	852.1303	676.8821	231.1828	223.5861	618.60345	511.881	494.7991
STK10	794.88355	756.5488	568.0217	872.0379	417.9925	1231.0849	589.5422	777.1613	661.6843	510.7145	283.7865	811.4037	444.46055	874.4211	701.9427	463.8794	1004.0933	476.5763	464.1928	498.59385	1465.4518	1771.4173	313.58455	931.77585	439.73455
STK11	1427.40735	943.1007	1189.07615	1303.5232	1667.6986	874.4359	1046.2711	837.3206	997.67	906.2615	1261.0767	1196.75235	1496.48055	1184.4961	742.5131	1313.7766	1336.2313	1164.7275	804.66775	1148.42965	905.0783	850.0031	1048.45855	1045.2365	1494.3355
STXBP3	821.7772	943.2214	926.62735	945.2479	1219.2279	995.7903	868.0982	739.3075	686.4544	861.8974	825.1946	1070.83345	557.2957	1004.6512	1025.8672	1118.4818	1113.6118	1213.4554	1324.11315	1104.83625	817.2561	805.8104	906.0006	1339.71215	1024.31595
TEK	70.28505	213.06115	41.92535	98.8875	236.12855	782.0513	55.8633	170.037	94.3914	56.5022	166.0996	120.9009	120.6978	223.4982	853.1725	1084.4884	282.8818	1998.578	2155.01235	1671.76695	2025.6835	1932.2506	260.70445	336.1	935.82735
TESK2	203.03685	246.62435	218.0026	132	38.06575	89.33	51.1432	103.7859	206.2147	176.3788	847.3994	130.59865	93.60265	185.8824	306.034	124.4688	357.4676	112.4957	107.59445	106.283	161.7647	173.8932	790.9481	372.97825	114.80305
TGFBI	2438.52905	2508.21925	2765.95715	14390.7942	594.92665	9283.0637	2471.384	3882.9114	4556.922	3013.3982	997.6172	18473.92685	2153.1006	873.4214	780.4526	1282.8383	142.4148	257.8373	187.02465	177.7854	439.2439	564.8542	2281.7707	241.9488	1068.1542
THBS4	10.06545	567.485	14.3432	20.5327	146.6738	44.5831	17.7061	47.5017	30.9626	107.5901	972.4598	32.3824	148.08895	21.2483	782.7171	245.6477	244.1343	32.9547	28.2356	39.2493	37.9302	36.6824	241.57455	1505.8665	336.0791
TNFAIP6	49.7233	199.2347	31.75465	53.4232	6.163	776.5839	356.9785	81.0356	163.6174	59.4106	4.3392	51.69845	13.5721	128.0148	115.566	18.1518	21.2665	5.1527	4.28605	5.0199	64.3165	86	4.49115	49.0642	12.24855
TNFRSF12A	1323.30955	769.3696	1524.9076	1079.9327	867.3413	1477.1564	6278.9522	1519.1239	885.4278	1384.4805	225.4324	1023.1457	792.5631	662.0186	368.2917	505.6106	145.5411	2231.7618	895.7655	1181.098	905.1205	887.7634	329.44605	202.48745	362.87355
TNFSF11	10.56685	13.81805	12.04955	48.1943	0.36345	3.3104	1.4026	16.7048	18.0472	3.0174	0.885	67.26555	9.4375	8.3037	4.0161	0.3534	22.1891	1.8486	1.72235	1.43815	2.1572	2.6464	1.9319	38.01315	1.40645
TNFSF18	0.29265	0.98215	0.50325	0.8703	0.3355	1.9417	0.4386	2.2556	3.4033	0.9149	0.3575	1.30975	0	0.4219	0.9488	0	0.8019	1.207	1.47305	1.23425	1.7689	2.4346	0.43315	0.17595	0
TNFSF8	8.30435	37.6884	8.31375	10.7502	8.3769	72.7273	20.6654	43.7573	25.2125	34.1024	9.9228	9.91545	9.9161	22.128	31.3456	13.2013	28.7795	11.5566	13.55515	9.98595	56.516	70.7893	9.45	51.07415	9.2379
TNN	4.6634	113.3056	5.06205	5.3286	3.63675	15.6463	1.8833	7.9326	7.2202	3.942	6.429	5.87025	3.9274	40.3584	49.7764	32.4455	9.0016	56.9812	47.9453	67.2199	17.1356	22.56	20.07625	11.4954	30.86755
TNR	0	0.9211	0	0.2867	0	0.4484	0	0.5774	0.3653	0	0	0.3718	0	512.4394	798.5294	702.2399	289.1915	354.1101	427.63415	445.7356	483.8264	518.657	627.6374	303.0953	685.18975
TRIP6	1987.17225	1108.39475	1962.35005	1285.666	740.14515	1562.6294	2758.3276	1401.2782	1806.1005	1914.0625	597.7742	1030.70595	1654.57115	1894.4606	1087.5217	2824.7525	652.06	2133.6505	1478.82725	2169.52865	1084.9673	1141.5653	1298.4577	702.4961	2274.98985
TRPM7	700.50505	968.12315	774.5747	806.2655	1223.2589	956.7589	731.2404	723.8659	1024.8112	613.0298	835.3758	795.32925	560.765	752.5326	1314.6661	915.5477	924.0993	1512.6966	1585.925	1507.7168	840.6408	858	956.24985	1057.0661	776.15825
TSTA3	2199.31735	1948.3265	2090.67585	2906.6339	838.25065	680.2721	1180.9426	1950.5247	1570.0935	2599.8871	2288.4271	2772.5901	2924.04265	923.2877	601.3788	687.1287	1541.2515	768.4947	626.0745	789.8883	812.9215	907.1722	1347.85525	1636.04945	792.45785
VCAN	1760.31225	7286.28225	542.134	1648.2036	199.1248	5941.873	7928.5714	3699.5215	3216.2605	1293.4783	500.8698	2024.4283	1574.6868	1592.9615	2486.6283	2036.3036	686.8432	730.7946	1004.13435	628.7977	1514.3072	1943.5347	777.1342	1035.25675	1970.02025
VCL	3213.14445	3438.11575	3124.2331	3564.6435	2501.0123	3148.0344	2168.6306	2832.5211	3448.9878	5258.4795	3007.7369	3385.01635	2788.4025	8155.0685	6146.2779	7376.6784	4548.7588	4808.9432	5187.60075	4081.63885	4516.0588	4851.1386	7295.4478	7568.38095	7039.2162
VEGFA	3785.7699	1752.18485	3408.07105	3102.4499	5010.9039	31532.841	915.1649	4628.7242	3823.1792	3988.2172	3058.5322	3129.628	2789.99575	2905.8824	1245.4128	4768.9046	1241.5507	2858.2381	2859.0328	3196.67975	4795.5579	4090.5572	5446.66475	946.58215	2757.6215
VEZT	1098.0546	1497.838	1074.84745	1043.4009	892.55265	1243.2335	927.5081	1826.1194	1477.8417	978.5348	1201.8765	1039.35325	878.0763	1082.6959	1319.3277	1092.5795	1016.128	1031.9367	1055.3216	866.8944	1420.6418	1421.9458	1218.59615	1166.76255	1138.40805
VNN1	10.363	24.99145	52.6357	62.341	7.91035	193.288	157.2301	55.7769	43.5827	54.3681	11.7332	74.4541	62.7036	15.329	45.8296	17.8218	30.7359	66.0486	481.9964	612.64215	71.6312	63.0537	11.3592	50.30365	46.54485
VWF	2086.3216	2869.5892	1468.01485	1916.6941	6012.2301	23242.0648	1697.1949	3527.9188	2230.2873	1574.4062	2665.9039	2064.9295	3220.2026	5372.9804	12984.0401	14442.7562	2675.8168	1433.9167	1965.0358	1286.29825	17495.1622	23328.6242	3068.68095	3028.1955	5839.62175
WISP1	61.2921	242.58735	43.29775	101.0857	99.10505	140.0159	24.2798	143.8083	199.0632	114.8459	25.731	85.11135	37.0782	41.3056	20.6825	223.1666	13.4192	175.2335	161.065	113.10855	34.0426	57.0228	46.2329	27.24225	168.5784
WISP3	12.47855	2.8742	1.3035	1.1957	0	0.8974	5.4675	1.0897	2.6741	71.5116	1.387	1.2611	1.9641	1.333	33.5852	2.1933	0.4039	25.0453	24.3742	27.5945	0.7298	0.6658	8.4363	0.34065	2.9063
XIAP	1342.5474	1564.03815	1323.2207	1637.111	1891.1709	1334.214	1128.3477	1717.8465	1291.5639	1027.4262	1499.3711	1735.7427	1278.767	1261.1765	1579.1304	1267.4912	1834.6957	1648.1985	1912.9206	1645.16015	1567.484	1404.5872	1549.93945	1741.2607	1169.3149
ZBTB16	4.7082	15.7101	2.0147	3.1746	77.72935	156.1562	61.1961	26.6988	6.4134	19.1471	394.5652	3.93215	2.7475	141.1633	407.9685	348.1837	49.613	189.2708	157.32725	176.26265	380.9524	328.0596	300.28545	76.2461	146.0299