NAME	cBLCA	cBRCA	cCESC	cCOAD	cKICH	cKIRC	cKIRP	cLUAD	cLUSC	cOV	cPRAD	cREAD	cUCEC	nBLCA	nBRCA	nCESC	nCOAD	nKICH	nKIRC	nKIRP	nLUAD	nLUSC	nPRAD	nREAD	nUCEC
DLL1	134.77	85.69	207.35	201.6	526.1	316.16	31.51	97.97	315.78	160.98	344.49	173.62	130.13	344.4483	222.0731	337.4558	325.2634	261.3045	192.1166	251.43865	206.7797	220.187	384.72485	187.94295	439.28505
DLL3	3.5	1.36	20.93	1.96	0	0	2.32	6.61	12.59	2.02	5.46	3.37	4.52	0.4638	0.6217	0	0.9502	0.3697	0.29595	0.30735	0	0.2563	1.20635	1.22365	1.95415
DLL4	217.4	225.14	100.64	497.54	650.05	1756.37	105.6	423.52	201.41	248.31	186.15	504.44	250.53	285.4509	397.5269	569.157	410.3698	395.053	334.78745	379.1741	760.048	898.1239	206.3842	282.1892	591.16425
JAG1	2341.43	1396.6	3261.65	2097.35	982.56	4777.58	1618.57	778.14	6289.31	2051.41	2285.73	1992.1	1831.44	2777.6471	2334.2834	2501.4134	2255.5479	3255.384	3042.7945	2823.43695	1396.3801	1508.2052	2299.597	2263.15165	1920.8322
JAG2	669.84	554.55	1075.33	750.11	358.98	907.33	241.67	667.14	1396.72	770.16	555.75	763.81	1033.67	627.8375	1069.6004	679.5053	237.1706	388.5609	247.29915	289.1971	614.7615	582.7083	746.63965	245.9399	651.3169
NOTCH1	1469.45	895.41	2347.94	2626.42	748.67	1653.24	667.21	1106.13	1782.58	1366	842.45	2858.55	1618.17	1955.5113	1573.4187	1321.1221	2273.2783	1180.4704	1049.6667	1416.3246	2383.0393	2261.7219	1589.8733	1905.3096	1580.4151
NOTCH2	1843.13	5692.79	2587.81	1726.14	339.93	3087.17	3292.19	3544.32	2584.9	5614.45	3886.84	1725.55	2171.74	3569.7674	7846.009	2936.7491	2161.8542	2097.0406	3136.7873	2357.09335	3555.735	4090.8817	4392.91905	2455.0287	2828.3108
NOTCH3	5073.63	4062.03	5465.83	1320.49	1852.82	6460.9	411.83	3828.88	7296.04	4146.25	1473.9	1422.43	4853.49	3053.8544	4134.1338	3107.5908	547.6873	2260.8696	2461.7948	3362.49865	2301.8868	2942.9888	1335.3526	564.8914	3322.04375
NOTCH4	318.06	369.18	162.43	229.68	689.75	2390.97	180.57	413.47	283.57	472.43	308.78	276.35	319.51	469.0126	1175.1026	894.3894	154.7224	1103.65	772.65185	901.5132	1637.7326	1826.1438	447.2846	154.951	746.23585
